0 0.579396 0.081820 0.577953 0.067462 0.582651 0.051341 0.604327 0.038745 0.624560 0.030939 0.653819 0.026149 0.672953 0.026398 0.690659 0.044789 0.706552 0.078036 0.704382 0.100709 0.691016 0.126149 0.681264 0.137989 0.660673 0.141006 0.663571 0.153602 0.650563 0.143027 0.614808 0.143784 0.599272 0.143276 0.589148 0.136983
0 0.944231 0.286772 0.937005 0.287280 0.931236 0.273429 0.935563 0.267126 0.933393 0.259569 0.937734 0.250000 0.943146 0.250000 0.951813 0.238669 0.961566 0.242193 0.969876 0.242193 0.978915 0.247730 0.980000 0.265364 0.981085 0.271916 0.976387 0.282998 0.976016 0.287529 0.963736 0.292567 0.960124 0.289550 0.952898 0.289042 0.950742 0.298113 0.944959 0.298870 0.947843 0.306418 0.947843 0.314483 0.942060 0.321284 0.940989 0.307174 0.937734 0.304406 0.938091 0.296600 0.943146 0.296092
0 0.839835 0.095594 0.839121 0.089799 0.825027 0.078467 0.779162 0.081743 0.746648 0.104665 0.764341 0.160584 0.767953 0.164866 0.766882 0.168640 0.784574 0.176954 0.821415 0.175441 0.849959 0.154282 0.856813 0.123046
0 0.839835 0.094588 0.835865 0.069148 0.850316 0.051513 0.895824 0.045469 0.922555 0.061839 0.914615 0.123803 0.903777 0.127835 0.907033 0.143448 0.894025 0.132366 0.890412 0.132366 0.878489 0.131868 0.868736 0.135144 0.857184 0.131111 0.856813 0.123305
0 0.101745 0.407155 0.088791 0.413745 0.078805 0.429358 0.076923 0.446485 0.084203 0.461916 0.097967 0.474502 0.118201 0.481293 0.143022 0.480709 0.165151 0.473764 0.179451 0.462481 0.186195 0.447797 0.185385 0.433879 0.177019 0.417692 0.160302 0.407155 0.136552 0.402270 0.117129 0.401705
0 0.650234 0.445833 0.672967 0.431676 0.699560 0.422902 0.705852 0.397950 0.725673 0.378400 0.757596 0.362548 0.795797 0.356475 0.841731 0.359511 0.878489 0.371992 0.895893 0.387500 0.904121 0.408745 0.905563 0.432011 0.899286 0.454607 0.885261 0.476523 0.864464 0.497088 0.832541 0.507548 0.797734 0.507203 0.760495 0.500460 0.729547 0.489674 0.712143 0.469100 0.701978 0.448534 0.700536 0.438420 0.679258 0.439090
0 0.164643 0.736408 0.133929 0.744243 0.104725 0.764090 0.081497 0.794387 0.071016 0.831466 0.074011 0.864895 0.095728 0.897280 0.133929 0.927577 0.167637 0.941676 0.203585 0.944808 0.233558 0.937500 0.271003 0.918170 0.295728 0.882136 0.303956 0.842960 0.300220 0.803784 0.282239 0.765661 0.248530 0.740584 0.203585 0.732749
0 0.819286 0.615757 0.815618 0.597941 0.824011 0.579875 0.844904 0.563314 0.876140 0.557251 0.894863 0.563314 0.915838 0.584205 0.926401 0.605987 0.922363 0.618209 0.907679 0.637797 0.881456 0.652366 0.859959 0.655661 0.843709 0.652787 0.835247 0.646255
0 0.710371 0.733123 0.690398 0.711571 0.674780 0.681092 0.671346 0.667165 0.676346 0.643649 0.703187 0.617088 0.723173 0.604464 0.747212 0.595757 0.767500 0.591839 0.778118 0.591839 0.801223 0.600766 0.814959 0.608170 0.818393 0.616437 0.835247 0.647356 0.841813 0.654320 0.838365 0.683927 0.830563 0.705479 0.815893 0.725067 0.792788 0.736609 0.767816 0.741839 0.751580 0.741839 0.729725 0.738573
0 0.105275 0.178008 0.106951 0.194397 0.079533 0.199473 0.056044 0.217031 0.054354 0.329004 0.090728 0.350460 0.154505 0.351236 0.179135 0.337193 0.204863 0.304808 0.204313 0.269310 0.195357 0.231849 0.180247 0.206102 0.170179 0.196734 0.123173 0.194397
0 0.313970 0.173333 0.305577 0.155776 0.269766 0.158113 0.243475 0.153822 0.225014 0.142510 0.208228 0.111293 0.208228 0.079301 0.227802 0.058898 0.254547 0.046063 0.291758 0.037989 0.316717 0.044262 0.344519 0.057644 0.338365 0.066188 0.344863 0.097443 0.351346 0.101695 0.350618 0.113285 0.347033 0.129674 0.338365 0.143285 0.314533 0.154598
0 0.339808 0.065948 0.347390 0.055115 0.368709 0.046044 0.378462 0.045795 0.397239 0.053103 0.412047 0.066954 0.416387 0.076025 0.412047 0.087107 0.397596 0.098697 0.379904 0.106245 0.362198 0.105239 0.344863 0.097433
0 0.490646 0.294904 0.500082 0.281360 0.518970 0.270632 0.532734 0.268755 0.546223 0.273266 0.556484 0.284751 0.564038 0.298295 0.559986 0.315603 0.548929 0.328774 0.537857 0.334416 0.514657 0.335546 0.497926 0.320307 0.490646 0.306379
0 0.579396 0.082826 0.576868 0.071992 0.552308 0.056877 0.535330 0.054617 0.500288 0.062921 0.476813 0.075776 0.462363 0.090383 0.456223 0.108266 0.460206 0.129425 0.472115 0.161159 0.482953 0.174761 0.513654 0.180048 0.540385 0.180048 0.556277 0.174761 0.572184 0.167203 0.592404 0.139502 0.588791 0.136724