0 0.633214 0.111632 0.660659 0.105588 0.639835 0.085044 0.648352 0.059658 0.663503 0.032465 0.711758 0.014939 0.732582 0.020377 0.756044 0.020202 0.774121 0.028474 0.771003 0.128737 0.746593 0.134298 0.740618 0.133026 0.712610 0.140342 0.703901 0.134781 0.694066 0.134053 0.671264 0.126500 0.663681 0.113140
0 0.628915 0.244912 0.643516 0.248412 0.643063 0.226263 0.648544 0.204702 0.669533 0.186044 0.706497 0.174386 0.735247 0.178763 0.761264 0.184009 0.769931 0.193912 0.766745 0.290675 0.750769 0.301746 0.673640 0.302333 0.670440 0.292421 0.656758 0.289211 0.644437 0.276395 0.645343 0.258035
0 0.230962 0.249868 0.234602 0.225974 0.234148 0.199158 0.213159 0.176430 0.172541 0.160693 0.131923 0.160693 0.086291 0.179921 0.077157 0.192746 0.078077 0.282807 0.097239 0.301456 0.208132 0.301746 0.224574 0.289211 0.238255 0.268526 0.238255 0.258614 0.248750 0.246956
0 0.076841 0.336939 0.095220 0.331974 0.168022 0.331974 0.173681 0.339649 0.206195 0.337386 0.180041 0.367184 0.193475 0.365825 0.178626 0.389754 0.187816 0.411421 0.175797 0.412325 0.195591 0.454307 0.168022 0.437605 0.182157 0.475070 0.151758 0.461526 0.131264 0.475070 0.122074 0.467851 0.105110 0.480491 0.099451 0.462886 0.077541 0.471009 0.083901 0.457921 0.076841 0.458368
0 0.353942 0.461982 0.353942 0.345518 0.376552 0.331518 0.474821 0.333325 0.496731 0.361763 0.498846 0.410070 0.501676 0.420447 0.523599 0.419544 0.492486 0.430833 0.486126 0.455658 0.454313 0.474167 0.433819 0.478228 0.386456 0.479132
0 0.381511 0.480491 0.414725 0.480491 0.430989 0.473719 0.435234 0.478228 0.445838 0.474167 0.454313 0.480491 0.481882 0.476430 0.469162 0.490868 0.484712 0.484553 0.484011 0.502605 0.505920 0.511640 0.485426 0.520667 0.480467 0.547298 0.462088 0.543237 0.460673 0.550456 0.446538 0.548202 0.424629 0.554974 0.411195 0.548202 0.377967 0.552719 0.385041 0.534658 0.362418 0.524728 0.377967 0.508930 0.379382 0.495386 0.389986 0.491325
0 0.825440 0.424965 0.842404 0.420000 0.833915 0.402842 0.838874 0.383430 0.844519 0.359956 0.881992 0.331070 0.974588 0.329711 0.999327 0.354544 1.000000 0.385333 1.000000 0.453570 0.982363 0.466491 0.954794 0.474167 0.906016 0.471465 0.876332 0.465596 0.849478 0.454754 0.840288 0.429482
0 0.900371 0.471009 0.955508 0.474167 0.976003 0.485000 0.988022 0.515702 0.976003 0.538272 0.952679 0.554070 0.910261 0.555421 0.879533 0.547719 0.857253 0.533307 0.851593 0.506675 0.872088 0.482746
0 0.259217 0.716447 0.233668 0.678368 0.236511 0.669307 0.255440 0.673535 0.239354 0.653596 0.258283 0.623982 0.224203 0.631237 0.226099 0.601623 0.196758 0.616728 0.182569 0.600412 0.168379 0.620360 0.124849 0.605851 0.149451 0.634860 0.156071 0.648763 0.117266 0.664474 0.158915 0.665684 0.149451 0.683202 0.138091 0.714026 0.166484 0.702544 0.157019 0.732158 0.185412 0.707377 0.201497 0.717044 0.204341 0.703754 0.229890 0.724298 0.224203 0.701939
0 0.693585 0.692272 0.706841 0.685623 0.702115 0.660246 0.708736 0.627605 0.739011 0.607667 0.760783 0.602228 0.785385 0.607667 0.797692 0.625798 0.806209 0.670518 0.793901 0.702544 0.771195 0.719465 0.726717 0.712816 0.704945 0.692877
0 0.935852 0.814947 0.897060 0.811930 0.864876 0.825219 0.860151 0.854228 0.867720 0.875982 0.890426 0.883237 0.920714 0.897746 0.941538 0.893509 0.977486 0.888675 0.995467 0.871754 1.000000 0.856061 1.000000 0.843658 0.996415 0.834895 0.966140 0.812535