0 0.740412 0.523744 0.770728 0.488693 0.780508 0.448209 0.753132 0.405908 0.767802 0.412555 0.774643 0.404694 0.745302 0.327946 0.798104 0.349703 0.812775 0.340034 0.813750 0.318277 0.836250 0.336409 0.854821 0.333387 0.924258 0.333387 0.933063 0.336409 0.961415 0.326740 0.941854 0.347284 0.944794 0.494134 0.904698 0.561817 0.874382 0.548523 0.824519 0.549126 0.813750 0.539457 0.790288 0.548523 0.801044 0.519516
0 0.799354 0.113124 0.805865 0.100781 0.807912 0.077606 0.804643 0.055688 0.781003 0.018158 0.832775 0.025467 0.842967 0.020934 0.842967 0.008837 0.871896 0.023701 0.892692 0.019423 0.901648 0.025212 0.943228 0.013370 0.936703 0.027224 0.948118 0.031511 0.946896 0.116392 0.937115 0.113879 0.944451 0.134533 0.922445 0.126723 0.899615 0.121435 0.893503 0.128990 0.890646 0.138056 0.855192 0.119924 0.837253 0.141333 0.822995 0.118158 0.795687 0.125713
0 0.775302 0.110102 0.800577 0.092971 0.807500 0.070806 0.800165 0.044355 0.783049 0.029244 0.745549 0.017912 0.713764 0.018667 0.677074 0.036044 0.660769 0.057453 0.662816 0.079117 0.676662 0.103294 0.706016 0.113879 0.719052 0.115390 0.721497 0.123947 0.727212 0.116146 0.756552 0.116392
0 0.485508 0.017402 0.537679 0.028489 0.544203 0.022445 0.552761 0.025713 0.564588 0.019423 0.574368 0.026222 0.633874 0.014881 0.625714 0.028234 0.637129 0.032012 0.632239 0.127980 0.625316 0.122190 0.617569 0.129491 0.610234 0.123701 0.604519 0.131002 0.572321 0.128234 0.551538 0.133268 0.545838 0.125968 0.523819 0.122946 0.498956 0.131002 0.512418 0.111358 0.496511 0.099771 0.462692 0.094983 0.493255 0.079117 0.484698 0.075586 0.496511 0.070552 0.500179 0.046367
0 0.454986 0.132818 0.512047 0.138862 0.570742 0.128786 0.604162 0.129796 0.626978 0.128540 0.632692 0.148183 0.634313 0.296545 0.625755 0.306112 0.614753 0.294779 0.608228 0.306868 0.547102 0.307122 0.518159 0.301834 0.509190 0.285458 0.486374 0.285458 0.455797 0.301333 0.478626 0.257250 0.462321 0.264805 0.479025 0.226774 0.466799 0.208132 0.477802 0.204100 0.469245 0.196800 0.484327 0.196290 0.477404 0.172615
0 0.794203 0.504406 0.792239 0.535229 0.816690 0.544898 0.859712 0.548523 0.853846 0.561214 0.887102 0.558192 0.866566 0.572097 0.900783 0.566655 0.857761 0.595662 0.858736 0.627088 0.848956 0.643404 0.863626 0.666367 0.802995 0.656095 0.776593 0.659117 0.736497 0.651868 0.690549 0.663956 0.710096 0.636757 0.717926 0.619839 0.692500 0.606537 0.712060 0.592037 0.714011 0.571486 0.713036 0.563031 0.725742 0.564839 0.700316 0.512267 0.765838 0.531002
0 0.084258 0.402275 0.107720 0.393217 0.128255 0.378107 0.142926 0.356952 0.119464 0.337012 0.087184 0.338820 0.050027 0.351511 0.041236 0.369643 0.051992 0.383540 0.072527 0.391401 0.086209 0.392606
0 0.672184 0.750518 0.686552 0.732241 0.667115 0.705076 0.701758 0.712394 0.714437 0.706121 0.724588 0.708209 0.763462 0.692547 0.751635 0.728065 0.782060 0.737462 0.740646 0.778200 0.731346 0.771935 0.730495 0.780289 0.707679 0.762530
0 0.583448 0.814244 0.592734 0.833048 0.613860 0.827818 0.610481 0.869083 0.612170 0.917139 0.602885 0.909822 0.586827 0.927581 0.580907 0.913998 0.558091 0.925492 0.552170 0.916095 0.548791 0.919745 0.536113 0.906689 0.560618 0.823642
0 0.547102 0.819983 0.576676 0.735891 0.549629 0.708735 0.474409 0.714482 0.453283 0.733803 0.443146 0.771409 0.459203 0.798048 0.451593 0.806409 0.466813 0.806927 0.488777 0.823124 0.518365 0.827818
0 0.178613 0.766188 0.155783 0.739550 0.059437 0.746341 0.034080 0.774550 0.021401 0.828345 0.034080 0.880051 0.064505 0.907216 0.105082 0.920789 0.154945 0.909822 0.171003 0.899380 0.179451 0.876392 0.193819 0.869083 0.178613 0.868565 0.193819 0.862818 0.180302 0.864907 0.188750 0.809542
0 0.069217 0.017496 0.092596 0.030586 0.114505 0.022012 0.123997 0.027878 0.203626 0.010272 0.201429 0.022912 0.255481 0.021562 0.228462 0.059932 0.240879 0.065798 0.226992 0.105526 0.249643 0.132606 0.226264 0.131256 0.243805 0.158795 0.216772 0.149762 0.214574 0.162402 0.193393 0.152920 0.183901 0.167818 0.159066 0.167818 0.094052 0.172334 0.093324 0.162402 0.054615 0.171885 0.060453 0.146154 0.034890 0.148862 0.035618 0.087920 0.034162 0.078438 0.044382 0.079796 0.004931 0.028328 0.058997 0.035102
0 0.039327 0.171986 0.097610 0.170730 0.171799 0.169465 0.247198 0.151078 0.219890 0.175509 0.221525 0.183574 0.242308 0.182564 0.222747 0.204482 0.249231 0.223625 0.227225 0.231435 0.252624 0.284550 0.230769 0.277801 0.237129 0.297623 0.225151 0.290645 0.234313 0.305034 0.215604 0.302182 0.208599 0.306969 0.075440 0.306341 0.067651 0.295008 0.035989 0.304380 0.060275 0.273447 0.056044 0.266061 0.034190 0.271053 0.050055 0.255161 0.037376 0.257351 0.050783 0.237097 0.047926 0.206392 0.018338 0.173523 0.053228 0.181384