0 0.110618 0.163842 0.079451 0.175553 0.070907 0.184526 0.075783 0.263333 0.092898 0.275430 0.180879 0.276211 0.197363 0.268798 0.207761 0.244219 0.213860 0.239921 0.204698 0.234465 0.213255 0.203254 0.204093 0.182570 0.177212 0.166184 0.137500 0.167360
0 0.733173 0.136921 0.735618 0.130684 0.717898 0.126000 0.710577 0.108439 0.713022 0.058114 0.723407 0.040947 0.756387 0.031193 0.793049 0.031193 0.809547 0.041728 0.827266 0.062404 0.826044 0.094395 0.816882 0.123658 0.802830 0.134193 0.777170 0.139263 0.756387 0.140044
0 0.708736 0.109219 0.713022 0.058895 0.703242 0.033140 0.662308 0.019491 0.620755 0.013632 0.568832 0.017149 0.529121 0.030412 0.510783 0.046798 0.513228 0.122491 0.525453 0.134193 0.543777 0.136535 0.561497 0.142386 0.595096 0.141219 0.623201 0.135360 0.625646 0.139658 0.633585 0.134974 0.669025 0.137702 0.695907 0.131851
0 0.466799 0.118588 0.471690 0.113123 0.486964 0.115079 0.498571 0.111175 0.499176 0.031974 0.472294 0.020658 0.438695 0.020272 0.409986 0.027289 0.380041 0.048746 0.377596 0.075281 0.386154 0.096351 0.407541 0.110000 0.436868 0.115079 0.460687 0.113518
0 0.370879 0.215737 0.376374 0.211833 0.382486 0.198570 0.402033 0.191544 0.420371 0.194667 0.427692 0.208711 0.422816 0.222754 0.413654 0.231342 0.395316 0.236412 0.382486 0.234465 0.372102 0.225491
0 0.256635 0.128342 0.238297 0.121711 0.246854 0.094395 0.247473 0.064746 0.227912 0.033921 0.167431 0.018316 0.130165 0.017149 0.092280 0.026509 0.070907 0.037439 0.073338 0.147070 0.094121 0.160719 0.135659 0.168140 0.175989 0.166579 0.214478 0.159167 0.229753 0.147070 0.237692 0.130684
0 0.429533 0.411982 0.408764 0.399500 0.411209 0.371404 0.412431 0.336684 0.395934 0.311711 0.376374 0.304693 0.243187 0.303518 0.219973 0.325368 0.208970 0.353851 0.216923 0.398719 0.240742 0.431491 0.273132 0.444368 0.320165 0.451000 0.356827 0.448272 0.379437 0.434614 0.403255 0.411982
0 0.788434 0.435579 0.808503 0.429851 0.786854 0.408939 0.771016 0.379605 0.777885 0.355667 0.792129 0.326667 0.813255 0.311158 0.831745 0.302053 0.971662 0.302053 0.989093 0.315202 0.999121 0.332395 0.995962 0.410289 0.993324 0.430526 0.974835 0.448395 0.943159 0.457167 0.874505 0.457833 0.843887 0.454132 0.823283 0.446711 0.810082 0.435921
0 0.876099 0.455816 0.941044 0.457500 0.965330 0.463228 0.992788 0.498298 0.993846 0.536746 0.988036 0.570465 0.986978 0.603842 0.962170 0.633184 0.934176 0.637904 0.897212 0.636553 0.872926 0.637904 0.837225 0.623421 0.826992 0.594404 0.816951 0.576193 0.821703 0.555623 0.803750 0.541123 0.817486 0.543491 0.812637 0.512105 0.832788 0.477395 0.853915 0.463570
0 0.145495 0.573737 0.150783 0.580482 0.179821 0.585535 0.204643 0.605772 0.208860 0.637807 0.188269 0.655333 0.170852 0.661404 0.104835 0.661070 0.085838 0.651965 0.074739 0.638140 0.076854 0.606105 0.090055 0.591272 0.111703 0.582500 0.139162 0.578789
0 0.080989 0.694114 0.101071 0.697316 0.105632 0.691193 0.161319 0.691491 0.166332 0.697904 0.194176 0.695860 0.178201 0.713930 0.176827 0.723544 0.180934 0.737535 0.190522 0.743947 0.176374 0.758228 0.179574 0.788825 0.146250 0.774842 0.141236 0.780956 0.126635 0.776009 0.101525 0.787079 0.097418 0.784746 0.096058 0.771632 0.080989 0.778044 0.086923 0.754728 0.085096 0.734912 0.080082 0.730833 0.080989 0.726167
0 0.182308 0.713053 0.213791 0.691781 0.276319 0.691491 0.298228 0.706930 0.298681 0.757939 0.277692 0.771053 0.242555 0.776877 0.231140 0.782123 0.223379 0.776298 0.202843 0.771921 0.182761 0.755018 0.190522 0.744526 0.178654 0.732868 0.184588 0.724132 0.176827 0.719754
0 0.431635 0.704825 0.420989 0.692482 0.326319 0.691728 0.309753 0.700044 0.310934 0.791474 0.328695 0.801053 0.356305 0.800798 0.365769 0.800289 0.371291 0.804325 0.372473 0.798026 0.380755 0.809614 0.381937 0.800044 0.414670 0.795763 0.425714 0.786693
0 0.426113 0.786693 0.432033 0.705079 0.446621 0.691482 0.508558 0.691228 0.521168 0.699035 0.518805 0.786439 0.508159 0.794500 0.484890 0.800044 0.460041 0.800044 0.442294 0.793746
0 0.534190 0.707851 0.544835 0.696772 0.560618 0.691228 0.649368 0.690719 0.661195 0.700798 0.663956 0.709114 0.673819 0.785684 0.690783 0.811377 0.664354 0.827500 0.673036 0.836816 0.651332 0.833035 0.630824 0.839333 0.593352 0.842360 0.562198 0.835053 0.531827 0.818430
0 0.691181 0.811632 0.670659 0.783421 0.662376 0.707351 0.686841 0.690474 0.790577 0.689965 0.803201 0.709614 0.803201 0.800289 0.813049 0.808605 0.786236 0.815658 0.751923 0.822211 0.720357 0.818175
0 0.814629 0.809360 0.803984 0.798781 0.803984 0.708860 0.816607 0.689965 0.921525 0.689465 0.945591 0.706342 0.946772 0.803816 0.921923 0.815404 0.877349 0.825228 0.847376 0.822211 0.832390 0.836316 0.833571 0.817675