0 0.168819 0.798353 0.170234 0.791171 0.198407 0.793353 0.233283 0.786604 0.261827 0.773973 0.270975 0.757861 0.273791 0.742844 0.277321 0.716935 0.267802 0.705620 0.224135 0.677971 0.083929 0.677317 0.068777 0.688421 0.069835 0.783769 0.078997 0.794652 0.099780 0.796613 0.114574 0.800314 0.141346 0.792046 0.150151 0.795093 0.162129 0.790739
0 0.435371 0.484329 0.442473 0.472869 0.465385 0.472530 0.487212 0.463761 0.486662 0.345399 0.452830 0.331239 0.303324 0.330569 0.285865 0.335628 0.250398 0.355178 0.235124 0.383166 0.233489 0.419253 0.249863 0.446902 0.281511 0.468820 0.315879 0.476579 0.379725 0.477589 0.428832 0.474219
0 0.136360 0.266163 0.125453 0.243565 0.127088 0.213217 0.143462 0.181859 0.121085 0.189278 0.116717 0.180849 0.109080 0.181188 0.112363 0.160280 0.080714 0.174440 0.062157 0.174779 0.043599 0.160280 0.040330 0.172419 0.026690 0.178829 0.000000 0.177301 0.000000 0.180153 0.017418 0.199058 0.016319 0.228396 0.020632 0.229941 0.011690 0.238710 0.018503 0.243430 0.000288 0.276138 0.000288 0.277419 0.011909 0.273913 0.016648 0.283591 0.013709 0.296545 0.033942 0.286562 0.035096 0.300051 0.091731 0.300187 0.101277 0.290340 0.109464 0.300756 0.113558 0.286834 0.138324 0.299915 0.131511 0.286698 0.121525 0.271087
0 0.001374 0.021978 0.001374 0.077861 0.005027 0.093285 0.001071 0.105518 0.000769 0.124143 0.027857 0.117368 0.029986 0.122827 0.015069 0.143523 0.052830 0.132801 0.090879 0.133930 0.086319 0.142776 0.109148 0.134304 0.104286 0.145221 0.144464 0.135246 0.182225 0.133362 0.205357 0.138820 0.205357 0.132233 0.236717 0.139576 0.237940 0.130543 0.255907 0.120569 0.281470 0.123209 0.272335 0.105144 0.295179 0.109092 0.277514 0.090654 0.270824 0.071273 0.273558 0.063939 0.285742 0.061299 0.269299 0.050764 0.289396 0.035900 0.270206 0.035713 0.262294 0.031197 0.278434 0.015577 0.240371 0.020662 0.218146 0.018591 0.227280 0.008243 0.199876 0.013514 0.162431 0.018217 0.134423 0.020289 0.125893 0.012003 0.107940 0.016520 0.110371 0.009185 0.090879 0.015017 0.071099 0.018778 0.029986 0.007869 0.033036 0.014643 0.020549 0.022733
0 0.304615 0.085577 0.307047 0.051893 0.324093 0.027997 0.352720 0.013701 0.382555 0.011256 0.415440 0.018217 0.437047 0.037971 0.435536 0.104015 0.429437 0.113608 0.414519 0.127156 0.399904 0.129414 0.393516 0.140518 0.388036 0.132233 0.358805 0.131299 0.336580 0.126596 0.312225 0.109092
0 0.450755 0.027436 0.460797 0.020662 0.497637 0.013514 0.536607 0.014830 0.571319 0.028379 0.589890 0.051333 0.593846 0.070526 0.588365 0.146350 0.604203 0.150110 0.585632 0.152937 0.585014 0.167233 0.575577 0.182470 0.551827 0.193200 0.475714 0.193761 0.448929 0.183226
0 0.475110 0.194516 0.553352 0.193387 0.578324 0.201290 0.590797 0.208625 0.600247 0.233837 0.593242 0.283888 0.600247 0.283701 0.577102 0.302513 0.464451 0.301766 0.448626 0.287835 0.451058 0.209007 0.455316 0.202037
0 0.772734 0.161655 0.783736 0.152088 0.768654 0.094907 0.770701 0.062920 0.781703 0.039244 0.797198 0.026902 0.836731 0.015569 0.895824 0.016825 0.921909 0.026401 0.922321 0.166952 0.903984 0.172487 0.869739 0.174754 0.856291 0.171986 0.846923 0.174508 0.804121 0.175263 0.785783 0.160399
0 0.714299 0.366715 0.712239 0.444847 0.697775 0.463998 0.665357 0.482513 0.630495 0.492326 0.557926 0.485144 0.527967 0.473166 0.509698 0.444847 0.497363 0.415034 0.498393 0.379126 0.508984 0.357980 0.531140 0.339907 0.551209 0.331002 0.688283 0.331002 0.702363 0.340144 0.710810 0.355144
0 0.715755 0.366486 0.722445 0.352114 0.746401 0.336876 0.763654 0.332088 0.888008 0.332088 0.905975 0.341452 0.921827 0.355815 0.922184 0.467496 0.903860 0.476859 0.873915 0.485348 0.832706 0.487963 0.830591 0.498625 0.810508 0.487309 0.772459 0.485348 0.737239 0.478379 0.716456 0.462929 0.711168 0.446817
0 0.828269 0.795526 0.833901 0.790959 0.861731 0.792046 0.886745 0.784643 0.901882 0.785951 0.921621 0.777020 0.921621 0.688633 0.909986 0.683192 0.745838 0.681231 0.732445 0.691027 0.714135 0.716723 0.709203 0.744151 0.726113 0.771579 0.758159 0.787691 0.780714 0.792258 0.824739 0.789431
0 0.621484 0.774194 0.645797 0.778981 0.675385 0.776587 0.697569 0.767012 0.702857 0.754380 0.700398 0.741316 0.707431 0.728260 0.701099 0.715628 0.703915 0.695170 0.696511 0.686239 0.684890 0.682105 0.555261 0.681019 0.540110 0.689508 0.536593 0.697997 0.533063 0.715195 0.537995 0.729779 0.533764 0.744363 0.540467 0.766358 0.570412 0.777895 0.590481 0.775280 0.601058 0.777020 0.611978 0.773107 0.614794 0.781596
0 0.317129 0.798795 0.346016 0.792479 0.375247 0.799881 0.413297 0.800756 0.430549 0.804236 0.487266 0.799007 0.498901 0.800314 0.521085 0.785509 0.521085 0.685586 0.511580 0.680144 0.354121 0.679491 0.338255 0.692122 0.325577 0.707139 0.326992 0.721723 0.321003 0.733480 0.326992 0.760475 0.344602 0.781596 0.338255 0.790085
0 0.113997 0.470840 0.124354 0.461740 0.155467 0.463761 0.195838 0.448251 0.218750 0.418913 0.219849 0.396995 0.204025 0.366647 0.154368 0.345068 0.095440 0.342029 0.060522 0.350127 0.028874 0.367317 0.009780 0.391596 0.010865 0.425993 0.034327 0.448922 0.066525 0.461061 0.108530 0.463421