0 0.104835 0.042818 0.118599 0.033514 0.137967 0.026868 0.168942 0.025008 0.204657 0.032453 0.228750 0.046545 0.238640 0.064092 0.244670 0.089355 0.241223 0.112487 0.232184 0.132428 0.214973 0.144924 0.213681 0.149448 0.221854 0.153701 0.208516 0.154236 0.198201 0.161409 0.178407 0.164075 0.157321 0.160085 0.150865 0.159015 0.137967 0.159287 0.109560 0.148913 0.093640 0.135357 0.085893 0.114618 0.083324 0.096800 0.091497 0.076324 0.092349 0.060900
0 0.871525 0.016638 0.901648 0.020085 0.921731 0.035475 0.930288 0.055934 0.932143 0.079372 0.913929 0.083277 0.931030 0.084890 0.928049 0.100059 0.916154 0.121197 0.896071 0.132003 0.874876 0.136825 0.849959 0.132920 0.827280 0.119363 0.818352 0.102581 0.811291 0.084202 0.813887 0.061452 0.818723 0.047657 0.835838 0.029737 0.852198 0.020772
0 0.748819 0.032954 0.774849 0.034100 0.791209 0.039389 0.808310 0.057538 0.812775 0.064898 0.813516 0.089941 0.800137 0.108328 0.778942 0.117063 0.754025 0.118896 0.738777 0.114533 0.727253 0.119126 0.734313 0.110399 0.725755 0.110857 0.710879 0.107411 0.694148 0.095229 0.687459 0.077538 0.694890 0.059380 0.703448 0.046969 0.724272 0.037547
0 0.195055 0.514983 0.181607 0.513132 0.180618 0.493752 0.171648 0.476528 0.159712 0.466375 0.145769 0.462377 0.123860 0.461146 0.100467 0.466375 0.085027 0.478065 0.080055 0.493447 0.077074 0.501138 0.077074 0.520212 0.087527 0.535289 0.094986 0.544516 0.116401 0.551596 0.155220 0.552207 0.170165 0.543591 0.176140 0.535594 0.180618 0.520518 0.183599 0.518056
0 0.079190 0.324643 0.088228 0.316935 0.100701 0.311885 0.211277 0.312946 0.223750 0.323048 0.225481 0.335815 0.226332 0.404686 0.222459 0.418243 0.200522 0.433132 0.168255 0.439779 0.138132 0.442436 0.123077 0.439779 0.097253 0.433667 0.077898 0.420900
0 0.225907 0.335280 0.232788 0.322521 0.248709 0.313480 0.323146 0.313217 0.342940 0.324915 0.350247 0.333421 0.357129 0.352564 0.357995 0.366927 0.354547 0.385008 0.346374 0.398829 0.359286 0.404414 0.341209 0.404151 0.328310 0.414788 0.306360 0.423829 0.274093 0.426749 0.251717 0.423294 0.237088 0.417980 0.225907 0.404414
0 0.845646 0.415883 0.893242 0.415424 0.921511 0.408302 0.937871 0.396808 0.937871 0.329244 0.928201 0.320509 0.908118 0.312470 0.820357 0.312241 0.798791 0.322810 0.779451 0.336596 0.773132 0.353149 0.770165 0.375441 0.779451 0.392903 0.795069 0.407148 0.815893 0.414966
0 0.844162 0.416112 0.893613 0.415424 0.922253 0.420246 0.937129 0.432428 0.935646 0.511486 0.927088 0.521138 0.907747 0.527801 0.886181 0.533319 0.868338 0.532861 0.850852 0.529177 0.828173 0.530102 0.814231 0.525985 0.801992 0.510908 0.791731 0.497394 0.782390 0.492827 0.766964 0.491443 0.756071 0.486664 0.778558 0.490042 0.789794 0.490042 0.790426 0.486876 0.787569 0.481104 0.785288 0.466604 0.789794 0.446358 0.797830 0.435832 0.816456 0.422920
0 0.672335 0.670874 0.673626 0.665552 0.667610 0.662895 0.652981 0.659177 0.642651 0.641358 0.641360 0.620348 0.642651 0.604660 0.649107 0.592165 0.662019 0.582598 0.708489 0.582598 0.707198 0.663158 0.696003 0.667946 0.680082 0.665823
0 0.833077 0.674126 0.825275 0.667224 0.805563 0.668837 0.788462 0.668837 0.763173 0.658039 0.750893 0.649075 0.741223 0.631375 0.741223 0.619660 0.749409 0.605178 0.756841 0.592997 0.775810 0.582657 0.885508 0.582428 0.899643 0.594839 0.902995 0.604261 0.901126 0.607479 0.909684 0.620119 0.905220 0.637351 0.897418 0.649762 0.881799 0.658497 0.861346 0.664474 0.841635 0.666766
0 0.166401 0.682920 0.171566 0.674406 0.191786 0.675475 0.211580 0.671749 0.230508 0.662971 0.246003 0.647555 0.249876 0.620170 0.243420 0.606341 0.231799 0.590119 0.219753 0.581078 0.116923 0.581078 0.100137 0.591180 0.085948 0.607139 0.082074 0.627878 0.083365 0.647818 0.093681 0.660314 0.109176 0.673608 0.134135 0.677869 0.160810 0.674941
0 0.201607 0.778217 0.200975 0.788548 0.216401 0.797284 0.223791 0.810993 0.224107 0.826087 0.220261 0.844160 0.207074 0.853888 0.196799 0.857861 0.182005 0.866010 0.116126 0.866409 0.104547 0.862037 0.089121 0.853098 0.087198 0.849321 0.075948 0.840781 0.075632 0.808209 0.080124 0.800068 0.087198 0.787750 0.107445 0.777029 0.134437 0.770272 0.156621 0.771469 0.179753 0.778217 0.190371 0.783981 0.197431 0.782589
0 0.320179 0.581876 0.466841 0.582394 0.472390 0.586689 0.479615 0.592003 0.479890 0.669941 0.472390 0.675093 0.460728 0.680068 0.451003 0.679898 0.439890 0.683676 0.422390 0.685908 0.405728 0.683506 0.400728 0.690543 0.399890 0.683676 0.394890 0.693115 0.389615 0.682649 0.379890 0.680068 0.366291 0.681273 0.349066 0.682470 0.328503 0.681273 0.309341 0.673888 0.288791 0.655866 0.282390 0.639728 0.283228 0.622564 0.289341 0.608659 0.301566 0.596129