0 0.030151 0.788497 0.175453 0.788497 0.178077 0.909856 0.027527 0.913090
0 0.009217 0.657258 0.033846 0.659992 0.057830 0.647504 0.069821 0.652572 0.110865 0.631121 0.108338 0.652963 0.128544 0.665450 0.120962 0.681053 0.138008 0.715390 0.122857 0.720849 0.127912 0.754796 0.103915 0.745433 0.103915 0.754796 0.077404 0.745433 0.032582 0.755968 0.034478 0.731774 0.024368 0.734898 0.031951 0.722020 0.021209 0.716562 0.035110 0.686129
0 0.112129 0.652963 0.120962 0.622530 0.150000 0.599516 0.231442 0.600297 0.259217 0.613557 0.272486 0.646333 0.273118 0.679890 0.252280 0.707980 0.236497 0.720458 0.245962 0.729049 0.227651 0.722801 0.204299 0.730603 0.167047 0.733336 0.139272 0.722020 0.130440 0.717343 0.139904 0.715000 0.127280 0.699788 0.121593 0.675204 0.130440 0.663497
0 0.251030 0.602436 0.278310 0.608846 0.283764 0.601766 0.466552 0.601087 0.482926 0.597037 0.479657 0.605136 0.487843 0.603115 0.498750 0.604457 0.497665 0.619975 0.490563 0.625705 0.496566 0.630085 0.493846 0.656723 0.505852 0.667521 0.492747 0.671222 0.497665 0.680671 0.484560 0.689771 0.499299 0.724168 0.470385 0.719109 0.426731 0.739007 0.408723 0.732598 0.389629 0.741367 0.343791 0.731248 0.281593 0.747436 0.291415 0.725178 0.255398 0.723489 0.275041 0.708990 0.258118 0.712699 0.257582 0.705280 0.270124 0.686740 0.276676 0.662122 0.270673 0.637844
0 0.498750 0.620645 0.498750 0.603786 0.509121 0.600747 0.654258 0.602776 0.658077 0.611545 0.658077 0.716409 0.643887 0.720119 0.640618 0.731927 0.623159 0.724508 0.614423 0.743048 0.586058 0.727538 0.565865 0.724508 0.559313 0.733268 0.555495 0.728217 0.549492 0.737997 0.530398 0.722818 0.503668 0.721808 0.514025 0.698200 0.503668 0.701570 0.510755 0.680331 0.508571 0.649983 0.497665 0.630764
0 0.671731 0.631740 0.684986 0.612233 0.707720 0.600526 0.892060 0.600526 0.915426 0.609499 0.927418 0.620815 0.925522 0.695340 0.912266 0.710161 0.857967 0.724601 0.818201 0.728888 0.804945 0.737470 0.802418 0.726935 0.763269 0.729669 0.714025 0.727716 0.688146 0.716010 0.667940 0.697284
0 0.067912 0.329610 0.076648 0.325560 0.205412 0.327241 0.222871 0.339380 0.234876 0.352869 0.242514 0.381876 0.231058 0.411545 0.199959 0.437844 0.165041 0.445942 0.162308 0.449983 0.156854 0.446613 0.136662 0.449983 0.102294 0.451002 0.076099 0.444932 0.065728 0.435153
0 0.280165 0.372767 0.285618 0.348149 0.309093 0.329610 0.397486 0.329610 0.405659 0.348829 0.404025 0.411545 0.389299 0.433803 0.360920 0.445942 0.327637 0.444253 0.304176 0.435484 0.283984 0.413234
0 0.402940 0.414915 0.404025 0.347479 0.420948 0.329610 0.537170 0.331630 0.535522 0.429083 0.521882 0.438862 0.482596 0.449983 0.452596 0.447623 0.443860 0.453362 0.446593 0.444253 0.426951 0.443243 0.411662 0.433124
0 0.546992 0.419304 0.548077 0.346129 0.566635 0.331969 0.745604 0.333311 0.761964 0.353209 0.763599 0.376477 0.757060 0.412224 0.737953 0.435484 0.708489 0.450662 0.673571 0.451672 0.670302 0.456053 0.668668 0.448642 0.639739 0.449652 0.590096 0.444593 0.560632 0.433463
0 0.766882 0.415255 0.758695 0.400085 0.764148 0.361638 0.771250 0.347479 0.789794 0.335340 0.914753 0.334660 0.927294 0.342419 0.925659 0.437513 0.915838 0.445603 0.873819 0.452351 0.842170 0.447292 0.833448 0.453362 0.832349 0.445603 0.803434 0.444593 0.781071 0.434813
0 0.635701 0.177997 0.652624 0.161477 0.679354 0.158778 0.702816 0.169907 0.716456 0.207334 0.720824 0.227233 0.708819 0.271740 0.686456 0.301749 0.643352 0.301078 0.633530 0.290628
0 0.795041 0.122699 0.797212 0.080543 0.812500 0.050195 0.840865 0.032666 0.884519 0.026935 0.923255 0.037385 0.924890 0.161477 0.904162 0.172937 0.873613 0.177997 0.827198 0.170204 0.808104 0.154414
0 0.458915 0.170246 0.475288 0.164508 0.454011 0.148659 0.434918 0.122360 0.434368 0.089652 0.457280 0.058964 0.491113 0.044465 0.565316 0.038396 0.604602 0.039406 0.624245 0.049525 0.623709 0.161477 0.610069 0.166868 0.553860 0.171596 0.486745 0.167886
0 0.192651 0.136520 0.198104 0.094711 0.184464 0.053574 0.133723 0.026256 0.074794 0.021197 0.023503 0.044465 0.001126 0.086282 0.009313 0.131469 0.030591 0.169907 0.081332 0.191486 0.144629 0.186095 0.175192 0.167886 0.194835 0.143268 0.206841 0.141579
0 0.097157 0.204975 0.125536 0.212394 0.140385 0.247623 0.155000 0.242742 0.140385 0.261885 0.116799 0.280849 0.076429 0.287589 0.043146 0.280849 0.025687 0.257912 0.025687 0.233973 0.042047 0.215764 0.066058 0.206324