0 0.064904 0.084083 0.085838 0.073548 0.185440 0.073548 0.204821 0.092946 0.209080 0.115221 0.207527 0.139652 0.205591 0.154261 0.220316 0.155942 0.205591 0.158098 0.199780 0.159771 0.204038 0.165518 0.197445 0.177971 0.178846 0.186834 0.165673 0.188031 0.150948 0.195458 0.119945 0.196893 0.109478 0.193786 0.093585 0.190908 0.079245 0.183005 0.065288 0.169593
0 0.528091 0.130951 0.550962 0.128463 0.549615 0.121528 0.545577 0.109890 0.551854 0.089660 0.576071 0.072207 0.682349 0.073031 0.690865 0.078574 0.692212 0.169474 0.676511 0.174185 0.653640 0.177513 0.649162 0.177233 0.614629 0.180280 0.594904 0.178616 0.578764 0.171689 0.572033 0.166706 0.561717 0.161995 0.554093 0.147861 0.551401 0.133447 0.547363 0.130119
0 0.064093 0.207216 0.079203 0.200272 0.100137 0.196919 0.122610 0.196443 0.152459 0.195246 0.174162 0.203387 0.183077 0.212012 0.195865 0.213684 0.203228 0.220390 0.210206 0.234049 0.213695 0.247699 0.211360 0.263031 0.208269 0.281231 0.208654 0.284822 0.225316 0.283862 0.209821 0.291290 0.204780 0.294160 0.204780 0.303744 0.192761 0.318837 0.188118 0.319550 0.178805 0.324822 0.081140 0.325543 0.073777 0.322428 0.065247 0.315959
0 0.064052 0.364041 0.081099 0.355178 0.157321 0.355730 0.171676 0.365153 0.179299 0.380951 0.182885 0.406171 0.188723 0.416418 0.191401 0.444134 0.183791 0.460764 0.176607 0.479881 0.180646 0.486808 0.185124 0.488472 0.176168 0.493183 0.172129 0.506214 0.160467 0.516460 0.138049 0.523396 0.120110 0.524779 0.101277 0.524219 0.083791 0.520620 0.077514 0.517852 0.062706 0.510093
0 0.359560 0.415034 0.363599 0.399236 0.369876 0.393421 0.370330 0.382886 0.373915 0.376239 0.379753 0.367920 0.397679 0.356282 0.486923 0.356010 0.494547 0.360722 0.491854 0.474898 0.484231 0.478497 0.461813 0.484041 0.449258 0.482657 0.432665 0.485705 0.416071 0.484041 0.406209 0.479049 0.395893 0.470187 0.382431 0.470739 0.394986 0.462980 0.390055 0.459100 0.372569 0.452445 0.364945 0.441358 0.360907 0.431664
0 0.505302 0.360441 0.515165 0.356010 0.632212 0.356842 0.641621 0.368752 0.637596 0.386766 0.642967 0.394525 0.651937 0.416978 0.653283 0.437479 0.643874 0.456604 0.659121 0.465195 0.645220 0.463251 0.654190 0.471290 0.642074 0.468243 0.632212 0.476553 0.622788 0.479610 0.636690 0.510645 0.635343 0.530042 0.643874 0.525883 0.637596 0.533090 0.630412 0.538081 0.622788 0.564686 0.610687 0.580204 0.501717 0.579372
0 0.780632 0.386672 0.777953 0.380951 0.783777 0.367649 0.798571 0.356842 0.921896 0.356842 0.923242 0.451613 0.912926 0.452445 0.894093 0.459100 0.868984 0.461596 0.857775 0.456885 0.848352 0.458268 0.856868 0.454109 0.841621 0.457988 0.847898 0.452173 0.821003 0.453005 0.800371 0.446630 0.783777 0.435823 0.771676 0.427233 0.767637 0.407827 0.773915 0.394253
0 0.074657 0.707156 0.075659 0.700323 0.086044 0.698667 0.096085 0.696596 0.110165 0.689559 0.112843 0.681689 0.109162 0.673616 0.100110 0.663684 0.082019 0.658302 0.063929 0.657267 0.043503 0.662436 0.034121 0.670925 0.037473 0.684380 0.044835 0.693701 0.055563 0.699907 0.070302 0.700942
0 0.183516 0.701562 0.195247 0.692869 0.215000 0.688107 0.236772 0.693073 0.253187 0.706528 0.263915 0.722470 0.271277 0.740891 0.276635 0.770705 0.274299 0.795127 0.268599 0.817903 0.256882 0.839847 0.227734 0.853718 0.209643 0.853718 0.184519 0.846053 0.167775 0.831358 0.158736 0.815000 0.155385 0.794304 0.157720 0.787054 0.154712 0.780229 0.151360 0.757250 0.151690 0.741520 0.155041 0.729092 0.162418 0.715433 0.173132 0.705705
0 0.430055 0.719160 0.437418 0.713158 0.423681 0.706121 0.411635 0.689762 0.407610 0.669686 0.406937 0.659126 0.411291 0.642360 0.416992 0.631392 0.436758 0.616689 0.454835 0.609652 0.493695 0.610068 0.507431 0.619796 0.521168 0.636146 0.527527 0.653328 0.528874 0.671138 0.526854 0.691630 0.507088 0.717708 0.488338 0.722470 0.471593 0.724542 0.445124 0.720815 0.441772 0.717708
0 0.540261 0.638633 0.547967 0.622691 0.566044 0.611511 0.571415 0.609652 0.660838 0.610272 0.723489 0.610484 0.733201 0.618964 0.740907 0.636978 0.738558 0.643183 0.740907 0.686036 0.738558 0.700323 0.727500 0.716265 0.713764 0.724745 0.703723 0.726197 0.705728 0.738413 0.697692 0.728684 0.699025 0.739032 0.686978 0.729508 0.675247 0.733854 0.653146 0.737377 0.636387 0.737581 0.616291 0.733234 0.601896 0.734270 0.577102 0.728888 0.556676 0.715433 0.547624 0.699703 0.542266 0.684796 0.542596 0.668854 0.537239 0.656019
0 0.740563 0.643183 0.745591 0.632835 0.760330 0.620620 0.775069 0.613175 0.783777 0.609448 0.904025 0.610688 0.911731 0.618345 0.918764 0.630357 0.921786 0.631180 0.921113 0.698667 0.909725 0.708599 0.892981 0.714813 0.882596 0.719992 0.860824 0.726613 0.840714 0.725577 0.822294 0.738829 0.825975 0.725781 0.808901 0.725781 0.798516 0.726197 0.775069 0.721231 0.767033 0.714397 0.759657 0.710051 0.749272 0.702810 0.740907 0.686036
0 0.358407 0.825314 0.406470 0.822436 0.434368 0.830577 0.452967 0.843514 0.459560 0.857886 0.453750 0.874890 0.451813 0.883514 0.472734 0.883514 0.456071 0.888778 0.443668 0.898846 0.437857 0.909143 0.413832 0.916808 0.387857 0.917284 0.372747 0.916087 0.350659 0.914652 0.335536 0.907946 0.318104 0.893574 0.310343 0.877284 0.313448 0.861715 0.315000 0.853336 0.327404 0.841121 0.339025 0.833217