0 0.836195 0.100645 0.842047 0.067691 0.845701 0.049635 0.831813 0.018489 0.850082 0.026613 0.861030 0.022105 0.869066 0.026163 0.907060 0.003591 0.909245 0.023005 0.931154 0.018489 0.928970 0.107419 0.920934 0.099745 0.911442 0.114643 0.904135 0.106969 0.897555 0.118710 0.869808 0.104711 0.856648 0.102903 0.848613 0.108319 0.849354 0.097487
0 0.845701 0.137216 0.876374 0.150756 0.884409 0.141273 0.896099 0.151655 0.923132 0.135407 0.920206 0.157080 0.932624 0.158879 0.935549 0.216664 0.926772 0.217564 0.931154 0.229304 0.847885 0.228404 0.834739 0.223438 0.821593 0.227046 0.845701 0.214856 0.828901 0.206732 0.844231 0.196350 0.828159 0.191834 0.844231 0.180552 0.834739 0.153014 0.847885 0.158430
0 0.664547 0.157980 0.670385 0.159338 0.698146 0.158430 0.722253 0.210798 0.707637 0.227046 0.648475 0.227046 0.629478 0.216214 0.621442 0.188226 0.638242 0.166553 0.660962 0.162402
0 0.431195 0.038048 0.430728 0.002496 0.452418 0.017937 0.454299 0.010068 0.465618 0.017063 0.483077 0.008031 0.495330 0.016486 0.561360 0.005993 0.553338 0.023183 0.561360 0.026104 0.537775 0.114992 0.520330 0.116740 0.510893 0.142674 0.468929 0.112946 0.465618 0.118489 0.454780 0.112657 0.429780 0.122275 0.437802 0.107699 0.426951 0.089338
0 0.424588 0.039508 0.430247 0.003947 0.397720 0.016486 0.395357 0.009491 0.361868 0.015900 0.322266 0.001036 0.324148 0.017063 0.314245 0.014151 0.313777 0.019109 0.288310 0.011817 0.298214 0.023480 0.294904 0.036010 0.316607 0.118192 0.326511 0.114406 0.330275 0.135390 0.343475 0.120815 0.364231 0.119363 0.383091 0.131307 0.381676 0.122564 0.408558 0.130144 0.404313 0.110323 0.431662 0.112946 0.426003 0.089338
0 0.138338 0.126935 0.168049 0.137139 0.193516 0.163370 0.191154 0.198048 0.176071 0.218447 0.153901 0.228065 0.077981 0.226316 0.079863 0.145008 0.088819 0.131893 0.107212 0.127521
0 0.075151 0.033964 0.083640 0.032801 0.087404 0.010942 0.105797 0.022606 0.133626 0.020857 0.146827 0.014151 0.144478 0.022309 0.159560 0.014440 0.159093 0.021146 0.189272 0.015611 0.200124 0.011239 0.191154 0.028718 0.197294 0.043879 0.193049 0.072436 0.188324 0.082929 0.197761 0.107411 0.189272 0.103328 0.198709 0.119363 0.160975 0.102453 0.162390 0.110034 0.148723 0.102453 0.147308 0.116154 0.118063 0.106825 0.077514 0.119941 0.088352 0.102750 0.077033 0.101002
0 0.193049 0.075645 0.200591 0.042708 0.192102 0.016486 0.224643 0.024643 0.237843 0.019983 0.248695 0.008319 0.260948 0.023769 0.282651 0.024355 0.300563 0.098667 0.282651 0.091961 0.284066 0.104499 0.274629 0.098956 0.280288 0.115866 0.248695 0.104499 0.207665 0.098379 0.194464 0.101876
0 0.158187 0.351817 0.126896 0.356044 0.105865 0.357012 0.075852 0.337131 0.077514 0.271324 0.099904 0.256154 0.208448 0.256876 0.232500 0.275730 0.252157 0.295611 0.242871 0.328005 0.224876 0.342810 0.206291 0.352301 0.188791 0.356350
0 0.301223 0.445331 0.300687 0.420042 0.321415 0.391044 0.347610 0.381935 0.396717 0.375535 0.434368 0.389024 0.437088 0.469278 0.421813 0.481078 0.389629 0.488837 0.357431 0.485127 0.332335 0.476019 0.304505 0.457810 0.290316 0.444660
0 0.444190 0.393065 0.474739 0.374185 0.556044 0.373846 0.586058 0.390034 0.600247 0.420382 0.595879 0.454779 0.577871 0.482767 0.558777 0.493217 0.460014 0.491868 0.443640 0.478379
0 0.474739 0.374856 0.447459 0.353947 0.443640 0.336078 0.445275 0.275042 0.465467 0.256503 0.574052 0.256503 0.595879 0.285840 0.600783 0.322589 0.579505 0.359346 0.554409 0.373175
0 0.782198 0.316341 0.786442 0.290407 0.799643 0.266511 0.821813 0.256307 0.932637 0.257767 0.932637 0.359185 0.921319 0.367054 0.881236 0.374338 0.834547 0.369966 0.803420 0.359185 0.784080 0.331205
0 0.711319 0.779771 0.735398 0.797114 0.741566 0.830645 0.736841 0.856545 0.742500 0.860051 0.732610 0.863548 0.716126 0.875823 0.676497 0.879007 0.654354 0.873158 0.635508 0.855713 0.637788 0.800034 0.651058 0.786613 0.675989 0.779610
0 0.849286 0.627598 0.806484 0.624066 0.780810 0.611723 0.770206 0.593336 0.771841 0.577470 0.769396 0.559338 0.787321 0.532886 0.815852 0.522054 0.919794 0.523065 0.935687 0.531121 0.932431 0.610467 0.925096 0.616511 0.902679 0.625076 0.868434 0.629109 0.846429 0.639686
0 0.762871 0.627343 0.753091 0.606944 0.779986 0.588557 0.755536 0.582504 0.779176 0.561851 0.755948 0.563115 0.796291 0.520042 0.751868 0.531121 0.744533 0.522810 0.676470 0.523565 0.663832 0.534143 0.637335 0.521299 0.647527 0.571426 0.640591 0.586537 0.650385 0.595857 0.635302 0.637419 0.660563 0.623820 0.675247 0.625331 0.688695 0.639185 0.696429 0.627598 0.740865 0.644720 0.743709 0.632632
0 0.396209 0.521834 0.425920 0.534372 0.441003 0.522419 0.566923 0.522131 0.573997 0.527377 0.593805 0.520671 0.598049 0.535246 0.626813 0.530000 0.618791 0.545153 0.623984 0.561469 0.624451 0.640161 0.615027 0.647156 0.621154 0.661146 0.585316 0.651528 0.591909 0.676885 0.540975 0.658226 0.549945 0.685628 0.482981 0.660272 0.479203 0.673964 0.455151 0.654737 0.422610 0.672216 0.434409 0.646868 0.394313 0.666969 0.414121 0.623260 0.393379 0.635204 0.410824 0.592657 0.399973 0.585662 0.406113 0.576630 0.399505 0.570798 0.407995 0.564677
0 0.096745 0.520085 0.093915 0.529414 0.009505 0.519796 0.059492 0.559720 0.030728 0.567886 0.060440 0.586537 0.014698 0.631418 0.072225 0.614219 0.013750 0.675424 0.103819 0.650942 0.091566 0.676299 0.137308 0.652691 0.128819 0.666681 0.174093 0.656188 0.194835 0.668430 0.203324 0.655603 0.215110 0.668718 0.225014 0.658523 0.318393 0.695535 0.292926 0.659100 0.364135 0.680671 0.338201 0.645407 0.374505 0.649491 0.349519 0.638124 0.375920 0.636664 0.353764 0.620925 0.386305 0.597615 0.357060 0.578379 0.387720 0.548650 0.358008 0.552725 0.391484 0.530874 0.341978 0.533786 0.369327 0.518922 0.335371 0.523005
0 0.490714 0.805934 0.514286 0.793981 0.556731 0.789024 0.592102 0.793693 0.617569 0.801851 0.628887 0.811180 0.625591 0.878497 0.614739 0.883455 0.567582 0.891613 0.541648 0.894236 0.520426 0.886078 0.501085 0.888115 0.461951 0.879958 0.446387 0.862182 0.444492 0.839448 0.455343 0.821961 0.479396 0.812054 0.470907 0.802139 0.482225 0.809431 0.475151 0.798642