0 0.215920 0.081268 0.219684 0.067110 0.217527 0.052269 0.208407 0.031027 0.219148 0.040802 0.221827 0.030017 0.228805 0.034400 0.247060 0.031363 0.265852 0.011803 0.274437 0.026980 0.293228 0.030017 0.341538 0.023943 0.325975 0.044849 0.327047 0.066773 0.344766 0.079586 0.333489 0.085651 0.342610 0.089698 0.334560 0.090708 0.346374 0.114987 0.336717 0.107912 0.328654 0.111277 0.338324 0.168266 0.317390 0.151406 0.314162 0.161864 0.303420 0.152752 0.265852 0.183443 0.258338 0.150733 0.252967 0.148369 0.232033 0.164556 0.232033 0.154443 0.222363 0.162873 0.225591 0.141631 0.219684 0.133538
0 0.761731 0.080086 0.772995 0.082114 0.761731 0.066937 0.784808 0.075703 0.801992 0.070647 0.822926 0.046031 0.831511 0.061544 0.851909 0.065928 0.873393 0.063563 0.890563 0.055134 0.874464 0.072666 0.887349 0.071320 0.884121 0.077394 0.888420 0.083796 0.912582 0.085151 0.894327 0.107066 0.888956 0.130328 0.897005 0.160682 0.890563 0.160009 0.887349 0.168775 0.897005 0.187998 0.885742 0.180915 0.895934 0.201148 0.861044 0.186980 0.829904 0.187653 0.808434 0.201484 0.812184 0.186644 0.794478 0.199120 0.795549 0.187317 0.761731 0.204858 0.769780 0.189681 0.754203 0.196083 0.770852 0.159672 0.769780 0.125272 0.752060 0.100656 0.769245 0.096946
0 0.182088 0.337972 0.155618 0.342761 0.129162 0.344771 0.096676 0.329413 0.083036 0.311527 0.080632 0.302459 0.079835 0.270216 0.091868 0.254599 0.105893 0.248809 0.124739 0.237472 0.264299 0.237472 0.283146 0.251329 0.290357 0.265177 0.292363 0.284573 0.287953 0.294651 0.290357 0.303210 0.271113 0.319336 0.266703 0.329664 0.250659 0.336462 0.235027 0.332683 0.187308 0.332433
0 0.305604 0.334443 0.299190 0.325634 0.288352 0.321346 0.284341 0.310267 0.290357 0.302459 0.288764 0.295910 0.293173 0.283563 0.291566 0.264676 0.300385 0.255108 0.312816 0.250820 0.332871 0.242261 0.360137 0.247041 0.379794 0.242002 0.407857 0.249560 0.422294 0.262916 0.432321 0.267446 0.440343 0.284823 0.434725 0.302459 0.427102 0.312787 0.415481 0.324625 0.399835 0.331173 0.389808 0.333443 0.372170 0.333443
0 0.477637 0.338732 0.473626 0.335203 0.454368 0.332433 0.436731 0.322606 0.433118 0.303469 0.441140 0.283563 0.432720 0.267196 0.441538 0.258128 0.455577 0.246540 0.474423 0.238982 0.610769 0.238982 0.625604 0.252839 0.622404 0.270975 0.630014 0.285332 0.628008 0.301199 0.614382 0.319336 0.596332 0.327645 0.574272 0.335703 0.548613 0.337222
0 0.680192 0.341544 0.668214 0.339103 0.656236 0.332321 0.649038 0.318594 0.637363 0.308050 0.636456 0.284159 0.645151 0.265720 0.664313 0.250664 0.681992 0.238438 0.788324 0.238809 0.806305 0.251415 0.816786 0.270233 0.817981 0.293374 0.807802 0.307299 0.802706 0.325928 0.786236 0.335902 0.773956 0.340604
0 0.834162 0.343425 0.829066 0.338913 0.829066 0.332321 0.816484 0.326488 0.806896 0.313512 0.808104 0.306549 0.817981 0.292623 0.816484 0.270043 0.815893 0.266661 0.824876 0.255367 0.840755 0.248412 0.859615 0.238438 0.988132 0.238999 0.999505 0.246713 0.998915 0.338913 0.986635 0.347377 0.965357 0.355841 0.955179 0.357351 0.942294 0.355280 0.931511 0.364314 0.936305 0.354901 0.921635 0.364875 0.930316 0.352459 0.898269 0.357351 0.909643 0.341734
0 0.079354 0.649431 0.079478 0.907834 0.089533 0.903028 0.089533 0.928473 0.119231 0.903770 0.140027 0.907558 0.162514 0.934012 0.174135 0.902796 0.188984 0.894487 0.215069 0.903305 0.213022 0.890699 0.229478 0.901001 0.212651 0.847360 0.223448 0.848369 0.239107 0.858714 0.218242 0.826721 0.209849 0.787429 0.212212 0.752666 0.217857 0.737058 0.209038 0.741821 0.209038 0.728982 0.224629 0.708576 0.203819 0.713106 0.200591 0.706040 0.216621 0.668783 0.245137 0.634297 0.222651 0.642606 0.192582 0.651148 0.180536 0.652666 0.184945 0.641821 0.166126 0.649120 0.153269 0.649120 0.153269 0.630509 0.130838 0.644357 0.121580 0.649120 0.117170 0.642839 0.110412 0.650406 0.083887 0.629491 0.084313 0.649629
0 0.447239 0.638801 0.487335 0.651139 0.502582 0.650638 0.500577 0.638550 0.515810 0.646609 0.521827 0.637041 0.609643 0.637791 0.614052 0.642330 0.636113 0.633762 0.631305 0.650388 0.630096 0.902519 0.626085 0.901009 0.622885 0.912097 0.627692 0.928214 0.612047 0.919146 0.614863 0.926204 0.606030 0.919146 0.613654 0.932494 0.591195 0.917886 0.579973 0.918645 0.573558 0.941061 0.551099 0.909327 0.536264 0.936273 0.532651 0.918896 0.524231 0.918645 0.500577 0.940052 0.502981 0.920406 0.497761 0.904038 0.491745 0.903779 0.483324 0.910078 0.489739 0.895971 0.488146 0.891691 0.468091 0.901769 0.475302 0.883883 0.480124 0.861217 0.462871 0.870035 0.474505 0.838292 0.478118 0.820155 0.472102 0.814366 0.467294 0.817386 0.472102 0.803279 0.462871 0.802528 0.450440 0.808818 0.470893 0.770035 0.476113 0.747610 0.474904 0.735022 0.466484 0.734012 0.474904 0.723934 0.460467 0.724185 0.478915 0.705047 0.477308 0.679103 0.465687 0.658447
0 0.778846 0.674547 0.786497 0.655168 0.807747 0.642071 0.822184 0.637791 0.916016 0.639051 0.934464 0.651139 0.938874 0.662226 0.939670 0.697739 0.940481 0.739551 0.937665 0.752399 0.926841 0.760966 0.907995 0.765496 0.891154 0.765246 0.881937 0.773054 0.883530 0.763227 0.874712 0.776833 0.871909 0.761467 0.849849 0.765246 0.816964 0.762977 0.797720 0.755418 0.784492 0.745099 0.780481 0.735522 0.786497 0.737291 0.781277 0.727213 0.790495 0.724185 0.799725 0.724944 0.790907 0.716885 0.786085 0.705548 0.793709 0.687921 0.804533 0.671795
0 0.779272 0.641070 0.768049 0.654418 0.784890 0.651648 0.774863 0.665496 0.778475 0.673814 0.784890 0.675574 0.802527 0.672804 0.793709 0.685151 0.785687 0.698749 0.786085 0.710837 0.796113 0.724185 0.784080 0.724694 0.779670 0.727463 0.785288 0.735522 0.780481 0.734262 0.777665 0.743080 0.781277 0.762476 0.787294 0.770285 0.778874 0.769025 0.778874 0.776583 0.754808 0.768525 0.753201 0.778844 0.745192 0.770785 0.748791 0.780863 0.728750 0.774314 0.708297 0.780104 0.698668 0.793960 0.692651 0.776833 0.683832 0.776074 0.660577 0.783382 0.663777 0.777593 0.649341 0.785142 0.659368 0.764996 0.644533 0.771294 0.643736 0.647110 0.660179 0.650138 0.663777 0.633261 0.676621 0.643080 0.684231 0.636531 0.733558 0.637791 0.742376 0.644590 0.760426 0.644590
0 0.083860 0.026644 0.104794 0.043167 0.118214 0.045186 0.135398 0.033727 0.141305 0.040466 0.150426 0.037429 0.154725 0.030354 0.165453 0.038110 0.178338 0.036083 0.204107 0.023943 0.196058 0.046540 0.198201 0.065418 0.214849 0.067783 0.215385 0.079922 0.220755 0.120725 0.218063 0.135893 0.215920 0.159163 0.233640 0.191536 0.208407 0.180742 0.214849 0.192882 0.221827 0.201984 0.168681 0.186480 0.154190 0.187826 0.149890 0.202321 0.145055 0.194236 0.140769 0.203339 0.132706 0.190863 0.112308 0.183779 0.091909 0.191199 0.083324 0.198956 0.093516 0.171303 0.080632 0.181752 0.087074 0.167593 0.086003 0.164219 0.079025 0.166920 0.080096 0.079922 0.082253 0.078913 0.087074 0.073175 0.084396 0.065418 0.090302 0.069129 0.089231 0.041139