0 0.819313 0.095088 0.828448 0.070263 0.826731 0.041061 0.816442 0.029386 0.843887 0.033763 0.857596 0.021719 0.867885 0.029386 0.893613 0.020623 0.898187 0.031570 0.921044 0.030482 0.921044 0.039237 0.922761 0.089614 0.914190 0.091798 0.915330 0.103114 0.900467 0.097640 0.888462 0.115158 0.867885 0.102386 0.857596 0.111149 0.834162 0.092895
0 0.761003 0.114070 0.758723 0.106404 0.777005 0.103842 0.798159 0.097272 0.810165 0.072088 0.807871 0.044351 0.785577 0.019526 0.747280 0.015518 0.723846 0.030114 0.722143 0.099465 0.732995 0.103842 0.748434 0.104939
0 0.229313 0.444816 0.230783 0.433509 0.206058 0.436096 0.186511 0.432561 0.168049 0.415596 0.163255 0.405702 0.168420 0.389439 0.169162 0.367763 0.162157 0.352211 0.166580 0.339719 0.180604 0.329114 0.288352 0.329588 0.303489 0.345377 0.310865 0.365167 0.309753 0.392035 0.301635 0.410412 0.278393 0.430211 0.252198 0.437044 0.242225 0.435632
0 0.326978 0.762816 0.329547 0.756272 0.299657 0.751368 0.271909 0.746456 0.247569 0.720281 0.251841 0.693833 0.259945 0.666842 0.273613 0.654298 0.356442 0.654298 0.364121 0.660298 0.364121 0.750272 0.356868 0.756000 0.338942 0.755456
0 0.383929 0.437044 0.384299 0.449772 0.393530 0.437281 0.390206 0.450000 0.401277 0.438693 0.417143 0.439632 0.440385 0.428798 0.439286 0.343254 0.422308 0.329351 0.331525 0.329114 0.320453 0.339482 0.310865 0.361632 0.311607 0.376009 0.309753 0.400991 0.320824 0.425728 0.344808 0.439868 0.370275 0.441754
0 0.591717 0.461588 0.602088 0.448342 0.629258 0.451816 0.660879 0.442667 0.696937 0.429096 0.705330 0.407018 0.699904 0.384614 0.708297 0.361272 0.696937 0.339509 0.679643 0.328465 0.479574 0.328149 0.459313 0.342974 0.450920 0.361588 0.452404 0.406070 0.467225 0.428465 0.496868 0.443614 0.542802 0.448974 0.567514 0.451184 0.584299 0.445500
0 0.825879 0.462535 0.825385 0.450237 0.766099 0.448658 0.724602 0.430044 0.710275 0.398500 0.717679 0.377675 0.713242 0.366316 0.723613 0.343921 0.744368 0.327518 0.900467 0.327202 0.923681 0.340447 0.922692 0.430675 0.908365 0.444237 0.872802 0.453386 0.839217 0.453070 0.833283 0.458754 0.835755 0.450237
0 0.507912 0.743632 0.524478 0.734149 0.511332 0.723921 0.501044 0.703851 0.507912 0.670632 0.532486 0.653842 0.609080 0.654939 0.627363 0.684868 0.623365 0.712974 0.613654 0.733412 0.591937 0.746193 0.561071 0.748018 0.534766 0.743632 0.529629 0.739254
0 0.624505 0.706404 0.625082 0.681219 0.649657 0.654570 0.730824 0.654939 0.749684 0.677930 0.755975 0.737430 0.735398 0.756412 0.722253 0.762254 0.723970 0.767728 0.717102 0.763342 0.703393 0.766263 0.677665 0.765904 0.646236 0.753491 0.633091 0.735974 0.627940 0.717719
0 0.749684 0.677202 0.753695 0.662965 0.765124 0.654939 0.905151 0.654939 0.922871 0.670272 0.922871 0.752763 0.902871 0.763711 0.866291 0.774298 0.830852 0.771377 0.818846 0.781596 0.818283 0.768825 0.787418 0.765904 0.759973 0.751298 0.753118 0.739254
0 0.120330 0.884421 0.106662 0.885789 0.107102 0.857974 0.104107 0.851430 0.115206 0.809439 0.104959 0.799623 0.086607 0.795263 0.063970 0.787360 0.040920 0.790360 0.012308 0.801807 0.000000 0.821711 -0.000000 0.834079 0.002912 0.856070 0.009327 0.881693 0.005055 0.915781 0.023832 0.930772 0.035371 0.939500 0.078915 0.938684 0.095137 0.934044 0.104107 0.920684 0.105810 0.892333
0 0.125453 0.781904 0.115632 0.768000 0.068242 0.772632 0.049876 0.770456 0.024698 0.760360 0.005055 0.738553 0.012734 0.704474 0.010604 0.671482 0.034945 0.653482 0.220247 0.654026 0.240302 0.672298 0.232198 0.685386 0.232624 0.712377 0.234753 0.736096 0.219808 0.745640 0.207431 0.758456 0.173695 0.762816 0.161319 0.772088 0.138695 0.769632 0.132280 0.770728 0.131854 0.782719 0.124602 0.771000
0 0.112335 0.445289 0.113805 0.435158 0.085769 0.438219 0.068049 0.433746 0.068049 0.336658 0.082074 0.329114 0.140014 0.329114 0.155137 0.340895 0.167692 0.365640 0.167692 0.393921 0.161044 0.410649 0.147019 0.428088 0.128571 0.434684 0.119341 0.444114 0.121195 0.434921