0 0.098915 0.674797 0.112569 0.689241 0.213901 0.686989 0.244808 0.676152 0.230426 0.691501 0.269959 0.678861 0.243365 0.717679 0.254148 0.729422 0.239766 0.738896 0.246236 0.742062 0.239766 0.754702 0.260618 0.784038 0.226113 0.781786 0.239766 0.801199 0.218929 0.793969 0.218214 0.808870 0.185865 0.799387 0.130536 0.815643 0.134121 0.800742 0.125508 0.809776 0.119753 0.799387 0.082376 0.810673 0.097473 0.793969 0.080220 0.794875 0.080220 0.784495 0.075907 0.691501 0.095316 0.693305
0 0.318832 0.691053 0.361951 0.689698 0.475495 0.689698 0.483407 0.697817 0.494190 0.699172 0.496346 0.731674 0.492033 0.742511 0.502802 0.757412 0.487720 0.760569 0.501374 0.768240 0.484121 0.773210 0.494190 0.800742 0.465440 0.800742 0.470467 0.806160 0.416566 0.792623 0.401470 0.800742 0.377761 0.786747 0.330330 0.798033 0.354038 0.772752 0.340385 0.758766 0.347569 0.725807
0 0.507857 0.715004 0.511580 0.679500 0.524629 0.690035 0.558173 0.690035 0.589849 0.677938 0.575563 0.719689 0.592953 0.715393 0.583640 0.740362 0.587981 0.774702 0.587981 0.813710 0.581772 0.835177 0.566868 0.826195 0.546992 0.835565 0.541401 0.823469 0.532074 0.830492
0 0.706003 0.752847 0.712830 0.725928 0.699780 0.683796 0.727734 0.696670 0.735192 0.690811 0.772459 0.691984 0.778049 0.693934 0.792335 0.687308 0.787363 0.723589 0.758791 0.818395 0.750096 0.815272 0.740165 0.828154 0.735192 0.814884 0.721525 0.819957 0.717184 0.771967 0.696058 0.777429 0.712830 0.758706
0 0.921113 0.582450 0.927857 0.571570 0.938434 0.580638 0.960563 0.579431 0.975962 0.589094 0.991346 0.625358 0.980769 0.648318 0.973077 0.661009 0.857624 0.661009 0.839341 0.649525 0.833571 0.625962 0.835495 0.602390 0.851648 0.586281 0.886264 0.580759
0 0.913132 0.428361 0.891113 0.429034 0.855151 0.417912 0.841195 0.394642 0.847102 0.375082 0.845481 0.352157 0.866964 0.331242 0.883063 0.327541 0.965206 0.326859 0.976470 0.336980 0.989354 0.358896 0.986140 0.384521 0.982912 0.394642 0.982912 0.406782 0.963049 0.425324 0.929231 0.429034 0.920646 0.435108 0.916882 0.439827
0 0.354904 0.540276 0.434684 0.552459 0.460549 0.526730 0.456951 0.549301 0.491456 0.533054 0.486429 0.553814 0.515165 0.540276 0.493613 0.556074 0.548228 0.562390 0.519478 0.589025 0.544629 0.640492 0.489299 0.632813 0.487857 0.652675 0.463420 0.636428 0.462706 0.659905 0.431799 0.635073 0.395865 0.648619 0.411676 0.627852 0.368558 0.635522 0.394437 0.618818 0.359931 0.622882 0.389396 0.605280 0.366401 0.587670 0.390124 0.589025
0 0.390838 0.368732 0.428929 0.334875 0.477802 0.324944 0.518049 0.333072 0.548942 0.358352 0.560440 0.390854 0.547514 0.426972 0.528104 0.449085 0.533132 0.455410 0.518764 0.456764 0.478516 0.466238 0.440426 0.461726 0.413832 0.452701 0.387967 0.421553 0.377898 0.393563
0 0.785398 0.145729 0.808393 0.147084 0.804794 0.110069 0.817019 0.068991 0.842170 0.034228 0.881690 0.019784 0.951401 0.017532 0.972253 0.027463 1.000000 0.069793 1.000000 0.104280 0.997404 0.137153 0.978723 0.188619 0.951401 0.210285 0.904698 0.216609 0.868036 0.217058 0.838571 0.202157 0.815577 0.173719 0.811264 0.156566
0 0.890618 0.213279 0.918695 0.218939 0.937747 0.212192 0.944657 0.216324 0.968599 0.212407 0.963365 0.234400 0.976923 0.259871 0.966168 0.263788 0.968942 0.290561 0.950192 0.286428 0.942610 0.297532 0.920385 0.290802 0.897198 0.296005 0.897857 0.288171 0.875330 0.288602 0.890618 0.268792 0.877788 0.267049 0.887459 0.254858 0.883338 0.249638 0.896827 0.230475
0 0.166909 0.277291 0.164423 0.256609 0.148283 0.235151 0.119080 0.230863 0.092376 0.240224 0.082431 0.258559 0.086168 0.281191 0.101690 0.294849 0.159464 0.296411 0.166909 0.281976 0.174368 0.277679
0 0.179959 0.147757 0.176223 0.089629 0.156346 0.073236 0.121566 0.070897 0.092995 0.082209 0.081813 0.103279 0.077473 0.129422 0.088022 0.153218 0.106662 0.168050 0.142692 0.172338 0.163187 0.163365
0 0.181195 0.155565 0.207280 0.179362 0.253874 0.181700 0.290522 0.171562 0.308530 0.149318 0.314739 0.125910 0.300453 0.063874 0.286786 0.034616 0.261319 0.024081 0.219093 0.025246 0.197349 0.038904 0.179341 0.064262 0.173750 0.087282
0 0.300453 0.064262 0.320330 0.037343 0.357596 0.024858 0.395495 0.030319 0.410398 0.054513 0.416607 0.088456 0.415989 0.109914 0.425920 0.114202 0.413503 0.122787 0.400687 0.143054 0.363819 0.154392 0.343310 0.153218 0.324684 0.140345 0.313503 0.122399