0 0.163915 0.151129 0.160330 0.143650 0.181854 0.135059 0.199341 0.113438 0.207871 0.079907 0.199341 0.047759 0.164368 0.021435 0.112349 0.012292 0.083201 0.014508 0.032527 0.023650 0.000000 0.060645 0.000000 0.095696 0.000247 0.103183 0.016387 0.125908 0.050014 0.142258 0.076030 0.150017 0.099794 0.149185 0.126703 0.148081 0.154945 0.145866
0 0.558874 0.118947 0.566662 0.110934 0.550055 0.098107 0.538640 0.069567 0.554203 0.044559 0.575481 0.030127 0.609203 0.024032 0.634107 0.026604 0.658489 0.046486 0.663159 0.083676 0.639821 0.110934 0.616470 0.121511 0.590014 0.122470 0.574437 0.117343
0 0.803255 0.187241 0.801690 0.172496 0.768489 0.176019 0.756044 0.176019 0.748255 0.173778 0.721799 0.171851 0.689107 0.160306 0.679766 0.141392 0.679766 0.108048 0.685989 0.104839 0.687555 0.092657 0.719203 0.073413 0.893008 0.074380 0.924148 0.100025 0.922582 0.138183 0.907019 0.155501 0.878489 0.172818 0.855659 0.177623 0.819849 0.173778 0.808448 0.188209 0.810522 0.175382
0 0.122280 0.279168 0.103530 0.281027 0.102857 0.261154 0.097830 0.239830 0.082761 0.221205 0.061319 0.218514 0.029505 0.224720 0.009409 0.241698 0.002033 0.266740 0.008393 0.295722 0.020797 0.312496 0.032184 0.317878 0.080755 0.317046 0.094478 0.307521 0.103187 0.288684
0 0.806126 0.456239 0.822404 0.448336 0.820082 0.444024 0.799533 0.437564 0.780151 0.410042 0.786360 0.386570 0.796827 0.366426 0.827047 0.347530 0.912706 0.348005 0.923558 0.356392 0.923942 0.443786 0.911538 0.454593 0.896429 0.457199 0.853407 0.458879 0.830151 0.457199 0.825893 0.453370
0 0.854176 0.458642 0.828214 0.463693 0.808832 0.478302 0.792555 0.492886 0.780549 0.513005 0.778214 0.537199 0.794492 0.558039 0.806126 0.565008 0.792170 0.563548 0.827047 0.582733 0.912706 0.582971 0.926662 0.572886 0.924725 0.463693 0.918132 0.460076 0.898365 0.457462
0 0.653462 0.464813 0.647266 0.457156 0.661209 0.451401 0.679423 0.437750 0.685632 0.405900 0.679821 0.386019 0.677486 0.368769 0.658887 0.347937 0.565865 0.348175 0.552308 0.356316 0.539904 0.377394 0.535247 0.401104 0.535646 0.425059 0.550755 0.447810 0.572843 0.462903 0.605398 0.468413 0.643777 0.462666
0 0.473626 0.466732 0.477898 0.457394 0.493393 0.458353 0.520920 0.444694 0.532157 0.426494 0.535247 0.410688 0.533709 0.390331 0.527115 0.370450 0.514712 0.352250 0.506964 0.348413 0.417047 0.347691 0.389918 0.362784 0.392239 0.450450 0.402706 0.457394 0.431387 0.463141 0.466264 0.458591
0 0.000137 0.398676 0.007404 0.384244 0.021415 0.363404 0.044245 0.348973 0.121030 0.348659 0.138146 0.366935 0.149038 0.395789 0.155783 0.432988 0.155783 0.472742 0.147486 0.499677 0.144890 0.513141 0.171868 0.504805 0.145412 0.523081 0.166690 0.514745 0.152157 0.528217 0.153201 0.548098 0.135549 0.574389 0.125124 0.581503 0.046209 0.581503 0.036346 0.575416 0.024217 0.567657 0.009011 0.546044 0.000027 0.509457
0 0.659753 0.622980 0.677775 0.627801 0.701786 0.628913 0.720989 0.622241 0.722788 0.611851 0.859066 0.612224 0.860865 0.618896 0.866868 0.620756 0.887280 0.613701 0.867473 0.634482 0.913695 0.622980 0.888475 0.644126 0.886676 0.666384 0.899286 0.680857 0.923901 0.687903 0.889080 0.690501 0.872266 0.699032 0.877679 0.712759 0.863860 0.709049 0.874670 0.735764 0.850055 0.723523 0.814643 0.710161 0.783420 0.705713 0.767212 0.717216 0.761209 0.708676 0.755206 0.719440 0.737802 0.705340 0.711992 0.699032 0.694574 0.704966 0.711387 0.689762 0.702376 0.689762 0.713791 0.682334 0.713791 0.661188 0.691580 0.641528
0 0.446648 0.831477 0.464052 0.831851 0.453846 0.815526 0.441841 0.790297 0.446044 0.762844 0.466456 0.735017 0.490467 0.723888 0.506676 0.726112 0.531291 0.712385 0.570907 0.706825 0.593118 0.712385 0.617143 0.712759 0.638146 0.727233 0.636951 0.878226 0.618942 0.880450 0.600330 0.888243 0.562514 0.896401 0.525893 0.896401 0.502473 0.888243 0.488668 0.890093 0.467060 0.875628 0.461648 0.848175 0.447253 0.841121 0.462857 0.840756
0 0.152940 0.852131 0.157610 0.827436 0.156566 0.791851 0.147225 0.761706 0.125962 0.741511 0.100014 0.730925 0.077184 0.727716 0.045536 0.736053 0.031003 0.739584 0.011291 0.753370 0.000000 0.773430 0.000000 0.819728 0.000398 0.834813 0.009739 0.851808 0.010769 0.863031 0.019080 0.881952 0.038791 0.895739 0.057981 0.904075 0.087555 0.907598 0.111951 0.899907 0.136332 0.895739 0.155014 0.879066 0.157610 0.868803 0.154492 0.860789 0.168503 0.851808 0.152418 0.857903 0.167459 0.846681