0 0.081126 0.287071 0.088049 0.276885 0.105192 0.268531 0.104863 0.257742 0.118709 0.247963 0.227788 0.249796 0.245577 0.255908 0.259753 0.270976 0.261731 0.289304 0.271291 0.302547 0.263379 0.334525 0.252830 0.347963 0.243613 0.363039 0.227129 0.367920 0.204712 0.375662 0.170440 0.368939 0.166813 0.385238 0.162857 0.373014 0.159574 0.381570 0.152981 0.371587 0.136827 0.377088 0.116071 0.375458 0.105522 0.364465 0.094313 0.361205 0.079478 0.341036
0 0.096621 0.782878 0.082115 0.785323 0.074217 0.793065 0.073228 0.848667 0.082115 0.855178 0.103874 0.862716 0.124959 0.862309 0.147376 0.856808 0.157266 0.847445 0.158255 0.838480 0.167143 0.831350 0.160234 0.832776 0.178022 0.823820 0.161209 0.827683 0.161209 0.810374 0.151332 0.790212 0.135179 0.778599 0.116401 0.776154 0.101236 0.778396
0 0.516484 0.775543 0.522088 0.764346 0.477926 0.763124 0.453544 0.749881 0.437390 0.720153 0.438049 0.684915 0.449258 0.662309 0.467376 0.650696 0.585687 0.651919 0.597555 0.657623 0.593599 0.754975 0.580755 0.764346 0.557019 0.769236 0.531978 0.767402
0 0.848668 0.105968 0.853269 0.091460 0.880838 0.071902 0.921154 0.072844 0.941071 0.088302 0.941071 0.157080 0.923709 0.173166 0.898695 0.176952 0.876745 0.177581 0.854794 0.168752 0.848159 0.157080 0.829272 0.125535
0 0.847143 0.103761 0.831827 0.088625 0.805797 0.081053 0.770563 0.080102 0.735852 0.088939 0.709821 0.105968 0.702170 0.131205 0.713393 0.157080 0.703187 0.164652 0.717995 0.164966 0.734327 0.180110 0.766992 0.186418 0.810385 0.183260 0.836937 0.171902 0.849176 0.158022 0.826717 0.126477
0 0.085508 0.074109 0.120220 0.081681 0.144217 0.081681 0.158516 0.071587 0.171786 0.071273 0.180975 0.081367 0.200879 0.080730 0.235591 0.070951 0.233036 0.078209 0.248860 0.075374 0.246827 0.081995 0.266223 0.081681 0.288681 0.077581 0.258558 0.102504 0.255495 0.128056 0.270302 0.142564 0.256525 0.144143 0.270810 0.159601 0.258558 0.156766 0.277445 0.191146 0.259080 0.186104 0.252431 0.201248 0.264176 0.220484 0.234574 0.207241 0.223338 0.210390 0.222321 0.220806 0.211085 0.210705 0.201896 0.219542 0.188626 0.210076 0.132981 0.227428 0.134011 0.212598 0.117157 0.214177 0.104918 0.220806 0.090110 0.220170 0.117679 0.189890 0.109505 0.183896 0.080920 0.192411 0.092665 0.179160 0.083475 0.182946 0.094190 0.164966 0.081429 0.153922 0.081525 0.148939 0.092047 0.141715 0.095769 0.129380 0.081223 0.126222 0.091484 0.119881 0.085206 0.118650 0.097157 0.114236 0.101181 0.092063
0 0.781456 0.279126 0.794959 0.264457 0.803860 0.263846 0.811113 0.256112 0.825288 0.250815 0.977212 0.251222 0.998970 0.268531 0.999629 0.341239 0.980179 0.358964 0.969299 0.362020 0.947555 0.372606 0.922830 0.374847 0.907349 0.373014 0.898118 0.382793 0.902404 0.373421 0.886580 0.385849 0.889876 0.371384 0.881964 0.368531 0.848022 0.372199 0.824299 0.367920 0.804519 0.358557 0.791016 0.345518 0.783434 0.332080 0.793324 0.315781 0.790357 0.299083 0.779808 0.284830
0 0.778489 0.285034 0.780137 0.275051 0.774533 0.260594 0.758709 0.250407 0.656552 0.250000 0.639409 0.257334 0.622940 0.275255 0.622940 0.287674 0.636772 0.300102 0.635453 0.317003 0.622940 0.334525 0.628530 0.352037 0.643695 0.357538 0.651277 0.364873 0.672033 0.368735 0.688516 0.367309 0.681923 0.377496 0.693791 0.369550 0.685879 0.379533 0.706648 0.368328 0.727404 0.371180 0.751470 0.367309 0.761016 0.357538 0.761016 0.352649 0.777170 0.344092 0.784093 0.332895 0.792995 0.310696 0.788049 0.296027
0 0.178310 0.755688 0.167596 0.749058 0.182404 0.729185 0.190055 0.697640 0.176277 0.672402 0.156566 0.648862 0.093324 0.648862 0.074849 0.658421 0.073874 0.766375 0.085714 0.775340 0.100577 0.778998 0.117720 0.775942 0.133503 0.777360 0.152280 0.773285 0.169437 0.762716 0.171071 0.756791
0 0.473640 0.271791 0.478585 0.259983 0.489794 0.253463 0.506593 0.250204 0.594918 0.251019 0.613049 0.259576 0.621621 0.272402 0.622610 0.287470 0.635783 0.303565 0.634464 0.316188 0.621291 0.334117 0.622280 0.346537 0.610742 0.359983 0.587995 0.364465 0.573832 0.364669 0.564272 0.371791 0.568887 0.363854 0.557019 0.377292 0.558668 0.362224 0.538901 0.368735 0.523736 0.366494 0.521758 0.362835 0.497047 0.364058 0.482212 0.356723 0.479904 0.349185 0.472651 0.342666 0.467376 0.330857 0.473310 0.323115 0.470014 0.318430 0.477266 0.306010 0.479574 0.288896
0 0.259093 0.268735 0.266016 0.259168 0.281841 0.249593 0.451566 0.251222 0.473640 0.272810 0.478585 0.288693 0.475618 0.309881 0.469025 0.318430 0.471992 0.323319 0.461113 0.336154 0.461772 0.345110 0.430137 0.372199 0.404437 0.374643 0.394876 0.373217 0.394547 0.384015 0.387624 0.376885 0.388613 0.386053 0.375755 0.374032 0.347418 0.378922 0.312486 0.379329 0.296662 0.371791 0.277885 0.367309 0.261071 0.352852 0.259753 0.338192 0.266016 0.329635 0.271951 0.311919 0.268654 0.295823 0.262060 0.287470