0 0.033984 0.235082 0.136168 0.234711 0.146799 0.246954 0.156250 0.277739 0.153887 0.306307 0.143255 0.336359 0.136168 0.349715 0.108997 0.358248 0.098365 0.358248 0.102500 0.367895 0.090687 0.357877 0.097775 0.371605 0.081236 0.360846 0.067060 0.366782 0.042843 0.365669 0.024533 0.358619 0.009190 0.338214 0.005055 0.318179 0.010371 0.308533 0.002692 0.298145 0.000000 0.286549 0.000000 0.272968 0.004464 0.262537 0.015673 0.243615
0 0.282651 0.245099 0.296827 0.235824 0.360604 0.236195 0.358832 0.340440 0.346429 0.343037 0.330495 0.341924 0.312775 0.348602 0.323407 0.339698 0.300962 0.349715 0.314547 0.339698 0.299780 0.337101 0.281470 0.328568 0.269066 0.309275 0.270247 0.294806 0.266113 0.284789 0.265522 0.266989
0 0.482871 0.237679 0.560247 0.236937 0.572060 0.243986 0.570288 0.343037 0.551978 0.351570 0.534849 0.352683 0.520082 0.348973 0.512404 0.356022 0.510632 0.346005 0.490549 0.346376 0.471648 0.341182 0.456291 0.330052 0.450975 0.298145 0.456291 0.271441 0.464560 0.250664
0 0.709080 0.362330 0.709670 0.357877 0.726799 0.354167 0.733887 0.337843 0.728571 0.321519 0.720302 0.314840 0.694313 0.312243 0.671868 0.315582 0.654753 0.326342 0.652390 0.338956 0.657706 0.347860 0.667143 0.358991 0.683681 0.362330 0.699629 0.360846
0 0.768736 0.336730 0.776415 0.310017 0.774643 0.304823 0.785865 0.303710 0.813626 0.249922 0.807720 0.239534 0.909904 0.238792 0.922898 0.245470 0.923489 0.353796 0.911676 0.361217 0.900453 0.361588 0.884505 0.367524 0.856154 0.359733 0.848475 0.375315 0.850838 0.358991 0.841978 0.375686 0.839615 0.358619 0.810082 0.360846 0.792953 0.360475 0.779368 0.353796
0 0.842816 0.663969 0.856580 0.653995 0.881978 0.656652 0.915852 0.647351 0.922212 0.640699 0.923269 0.552269 0.911621 0.548283 0.802596 0.548283 0.772953 0.574211 0.767665 0.598809 0.780371 0.628732 0.812115 0.649344 0.848104 0.651337
0 0.453283 0.648016 0.447995 0.640035 0.467047 0.619422 0.479739 0.593494 0.465989 0.570224 0.447995 0.546946 0.310385 0.546946 0.288159 0.560915 0.286030 0.650009 0.304025 0.662640 0.340027 0.677929 0.384478 0.676601 0.406703 0.674607 0.438462 0.665298
0 0.522088 0.881389 0.496676 0.891363 0.504093 0.905324 0.496676 0.915962 0.467170 0.925712 0.448764 0.926833 0.435302 0.917429 0.411813 0.911475 0.406731 0.901122 0.412225 0.885246 0.427610 0.871441 0.463324 0.866091 0.485041 0.868093 0.494560 0.882718
0 0.055907 0.548542 0.127212 0.548300 0.132555 0.557161 0.148942 0.559793 0.147047 0.577998 0.152376 0.591173 0.144368 0.604107 0.143613 0.627101 0.147047 0.646980 0.153530 0.661355 0.145893 0.661588 0.144368 0.668300 0.141703 0.674288 0.129121 0.677403 0.118063 0.686022 0.112720 0.681708 0.102047 0.681467 0.089849 0.688654 0.089849 0.692485 0.075742 0.686022 0.066209 0.688654 0.059725 0.685306 0.053626 0.689612 0.041415 0.676920 0.025398 0.673805 0.016250 0.676437 0.018544 0.667575 0.021964 0.647696 0.021964 0.627575 0.013956 0.613926 0.016250 0.602433 0.020069 0.586626 0.020440 0.574409 0.017019 0.562908 0.011676 0.558835 0.021964 0.557877 0.029602 0.555729 0.033407 0.551657 0.036456 0.554288 0.042940 0.548300 0.047143 0.551890
0 0.152761 0.556687 0.175261 0.548542 0.258764 0.548542 0.263338 0.554771 0.274396 0.557161 0.275165 0.675004 0.266772 0.673089 0.262967 0.680751 0.248475 0.680509 0.235893 0.682908 0.234368 0.683624 0.233214 0.688412 0.223681 0.677877 0.219492 0.678119 0.217582 0.682908 0.203860 0.681708 0.203860 0.684107 0.191662 0.677877 0.179835 0.678594 0.178310 0.671648 0.171442 0.664702 0.159629 0.661355 0.154670 0.660871 0.156951 0.651294 0.160000 0.637161 0.156951 0.622071 0.153530 0.620155 0.155810 0.613210 0.156951 0.592847 0.150467 0.573926 0.153530 0.572968 0.156951 0.566022
0 0.097047 0.809008 0.100865 0.819310 0.121456 0.816920 0.128324 0.820751 0.144712 0.822183 0.164162 0.820751 0.178654 0.825298 0.189712 0.829370 0.193530 0.840147 0.196580 0.853322 0.202679 0.864340 0.190096 0.882545 0.191236 0.890207 0.181319 0.902899 0.185137 0.907688 0.166071 0.921821 0.156923 0.923503 0.137088 0.928050 0.117637 0.934038 0.098956 0.930682 0.077981 0.932123 0.058544 0.932123 0.040234 0.927575 0.017734 0.919905 0.015069 0.906497 0.008201 0.894754 0.015453 0.880147 0.009725 0.868887 0.004766 0.856195 0.010879 0.839905 0.021168 0.831044 0.040618 0.819310 0.093613 0.819551