0 0.166374 0.310272 0.173791 0.322063 0.193723 0.322767 0.219931 0.338608 0.235027 0.367131 0.234176 0.387725 0.221071 0.406732 0.206538 0.415713 0.195440 0.418353 0.082349 0.418353 0.064409 0.409194 0.065549 0.333854 0.078654 0.324355 0.107706 0.318014 0.164107 0.320654
0 0.670014 0.683701 0.647514 0.693829 0.635701 0.675688 0.639135 0.645993 0.645989 0.628319 0.671154 0.609941 0.906813 0.608998 0.920536 0.617716 0.921676 0.716452 0.913681 0.724703 0.882788 0.732003 0.844657 0.734126 0.801566 0.738846 0.750467 0.738846 0.718819 0.738132 0.674588 0.723523 0.652088 0.703727
0 0.568201 0.720934 0.570879 0.708913 0.592225 0.708447 0.616635 0.707496 0.626923 0.697606 0.631126 0.673328 0.625398 0.654949 0.624258 0.621961 0.600234 0.609465 0.532747 0.609465 0.513681 0.614185 0.506429 0.621486 0.507198 0.707029 0.520165 0.712445 0.561346 0.708447
0 0.301511 0.608455 0.334684 0.616469 0.347651 0.609873 0.472720 0.610102 0.478448 0.614346 0.503997 0.603744 0.487596 0.621180 0.493310 0.625891 0.493695 0.641681 0.487981 0.661002 0.498269 0.698243 0.486827 0.706019 0.492170 0.730051 0.483393 0.723922 0.484547 0.747963 0.454794 0.733582 0.430398 0.730051 0.426209 0.745840 0.418201 0.739711 0.416291 0.747020 0.393022 0.735000 0.372816 0.731935 0.357953 0.742071 0.341552 0.732173 0.312953 0.731231 0.319821 0.714261 0.293118 0.717326 0.293503 0.692581 0.305330 0.674907 0.293503 0.667606 0.306470 0.646630 0.306085 0.624007
0 0.141607 0.712513 0.122816 0.700900 0.113269 0.706808 0.098434 0.705178 0.087555 0.711494 0.069766 0.690110 0.068777 0.615772 0.083929 0.610475 0.188407 0.610883 0.205865 0.623913 0.187418 0.682572 0.173242 0.698455 0.173571 0.709457 0.151168 0.701511 0.149190 0.711290 0.141937 0.701919
0 0.136003 0.757725 0.128750 0.751205 0.151827 0.742453 0.168626 0.731655 0.167308 0.721061 0.140948 0.715772 0.104368 0.722080 0.078984 0.736952 0.070426 0.749372 0.080632 0.762615 0.095467 0.764448 0.112280 0.764652 0.118860 0.755484
0 0.064684 0.459839 0.085426 0.447020 0.284835 0.447292 0.312198 0.459015 0.327637 0.485195 0.330728 0.525000 0.329396 0.544907 0.349698 0.548175 0.329396 0.555543 0.321456 0.573812 0.307335 0.581715 0.081896 0.580900 0.066003 0.566995
0 0.640440 0.534542 0.659849 0.531545 0.668681 0.519822 0.662500 0.492284 0.681909 0.464474 0.727363 0.446205 0.895453 0.446749 0.909574 0.452207 0.921044 0.460654 0.921484 0.561808 0.907802 0.575441 0.896332 0.581171 0.709712 0.581171 0.695151 0.576265 0.674849 0.565628 0.662500 0.538633
0 0.398297 0.396290 0.447404 0.393650 0.464217 0.387742 0.453997 0.370229 0.458613 0.356783 0.458613 0.340900 0.467514 0.319915 0.483324 0.307292 0.514313 0.299143 0.540673 0.295679 0.567033 0.299143 0.584505 0.306681 0.582527 0.408718 0.570989 0.417683 0.481030 0.417275 0.473448 0.414015 0.462239 0.408718 0.463228 0.400365
0 0.596291 0.367657 0.609876 0.362351 0.608338 0.365509 0.648668 0.332699 0.647143 0.374346 0.660412 0.380340 0.674698 0.376868 0.668571 0.387275 0.707885 0.386961 0.665000 0.401791 0.671126 0.413463 0.658365 0.417250 0.595069 0.417250
0 0.170962 0.190772 0.160247 0.182250 0.188324 0.169949 0.197514 0.154177 0.179643 0.137139 0.146470 0.136825 0.116346 0.142504 0.085714 0.146290 0.062239 0.156384 0.071937 0.168056 0.070398 0.180679 0.094904 0.188565 0.108173 0.186986 0.131154 0.190772 0.154121 0.183200
0 0.518599 0.218217 0.521662 0.206545 0.553310 0.202759 0.574245 0.193922 0.584451 0.185407 0.584451 0.087929 0.563516 0.074992 0.432843 0.074363 0.415481 0.079728 0.387404 0.100229 0.373626 0.132411 0.376181 0.164270 0.403736 0.192666 0.437940 0.204652 0.473173 0.206545 0.502775 0.204338
0 0.786085 0.101494 0.779959 0.089185 0.785577 0.077835 0.771799 0.084143 0.788132 0.065212 0.744231 0.074049 0.651319 0.074363 0.636003 0.078778 0.620179 0.076885 0.634478 0.095815 0.609973 0.086036 0.625797 0.116952 0.620687 0.147869 0.629876 0.156070 0.614052 0.199601 0.628352 0.193294 0.618654 0.210017 0.631415 0.202445 0.632940 0.212538 0.609973 0.249762 0.662047 0.232097 0.693695 0.230204 0.705426 0.243141 0.738613 0.228939 0.763118 0.231154 0.787624 0.244083 0.786085 0.216638 0.798338 0.227046 0.789148 0.189508 0.795275 0.174363
0 0.821827 0.073413 0.913709 0.073413 0.913201 0.083514 0.920343 0.088557 0.920852 0.198345 0.915742 0.198345 0.911154 0.205917 0.917280 0.228311 0.900440 0.216010 0.892775 0.214431 0.891250 0.223582 0.874904 0.211587 0.858063 0.209703 0.825398 0.223896 0.822335 0.208752 0.815701 0.205280 0.801401 0.213480 0.805989 0.191715 0.802418 0.178786 0.795783 0.173421 0.786085 0.100543 0.795275 0.077513 0.816717 0.086036