0 0.077349 0.029440 0.119038 0.018710 0.130907 0.017997 0.141621 0.016205 0.169409 0.013701 0.213118 0.013879 0.244107 0.017818 0.263214 0.022462 0.279712 0.030874 0.292734 0.041435 0.303448 0.055025 0.306923 0.084015 0.298819 0.098328 0.291580 0.106375 0.291580 0.112818 0.281731 0.121044 0.265810 0.125696 0.278269 0.136078 0.257706 0.128022 0.268709 0.137861 0.247871 0.130170 0.228764 0.137148 0.195179 0.142699 0.172596 0.143413 0.149148 0.139117 0.134959 0.140008 0.112376 0.139652 0.096745 0.134822 0.075893 0.124270
0 0.465288 0.020501 0.480632 0.016740 0.494808 0.018888 0.504368 0.015849 0.520865 0.015127 0.538819 0.021036 0.541717 0.022462 0.538530 0.120866 0.526951 0.123727 0.499148 0.126774 0.474835 0.125518 0.452253 0.121587 0.444437 0.119261 0.428516 0.122479 0.441538 0.116570 0.406799 0.125161 0.436332 0.113353 0.429093 0.104406 0.415192 0.087411 0.414038 0.069338 0.415495 0.055204 0.429670 0.038031 0.441538 0.028014
0 0.551841 0.023005 0.569505 0.017632 0.595563 0.013345 0.602514 0.017453 0.624217 0.012088 0.646511 0.013701 0.656648 0.016740 0.679519 0.013523 0.710495 0.017453 0.736552 0.029440 0.755082 0.047513 0.759712 0.066477 0.760288 0.082581 0.748997 0.096537 0.742335 0.101902 0.732788 0.117649 0.722651 0.126774 0.704121 0.134465 0.684725 0.136791 0.698626 0.149669 0.671415 0.139117 0.681538 0.150212 0.658379 0.140730 0.634643 0.143234 0.615247 0.145017 0.595852 0.144126 0.577898 0.138226 0.574135 0.134822 0.561978 0.133930 0.549821 0.128379
0 0.846264 0.034092 0.863640 0.023362 0.881305 0.018531 0.902431 0.013523 0.935440 0.013701 0.954835 0.018353 0.970467 0.027835 0.981470 0.039643 0.985522 0.051095 0.985234 0.064151 0.982335 0.074890 0.981758 0.081146 0.986099 0.097071 0.981758 0.108701 0.967569 0.128200 0.958022 0.134465 0.938915 0.138761 0.916621 0.141087 0.897514 0.140008 0.891717 0.139295 0.877830 0.143591 0.886223 0.134287 0.868558 0.140908 0.878984 0.131070 0.865082 0.131070 0.857266 0.126053 0.847720 0.112818 0.839904 0.105484 0.832088 0.092776 0.830343 0.077037 0.830632 0.064329 0.836429 0.050730
0 0.074684 0.339465 0.095755 0.326163 0.113242 0.320900 0.130742 0.316188 0.142390 0.317844 0.166607 0.324779 0.186786 0.329762 0.204725 0.349440 0.213695 0.368565 0.220426 0.389066 0.221772 0.409024 0.217280 0.427309 0.215041 0.457521 0.215041 0.469160 0.215495 0.488557 0.213242 0.496316 0.229835 0.495764 0.243736 0.494100 0.217280 0.502411 0.240151 0.500195 0.212802 0.509066 0.216387 0.525416 0.207871 0.543981 0.193970 0.554236 0.178723 0.559779 0.163022 0.568090 0.113695 0.568090 0.097102 0.564211 0.081415 0.555900 0.076923 0.549525
0 0.807679 0.318294 0.868214 0.317733 0.879423 0.325221 0.899162 0.331596 0.916195 0.347946 0.914849 0.526969 0.909918 0.536944 0.899162 0.546919 0.891085 0.550246 0.879423 0.561053 0.858352 0.570475 0.813063 0.570756 0.803201 0.566316 0.790192 0.559669 0.779423 0.559117 0.761497 0.547470 0.755220 0.530849 0.756552 0.512003 0.719341 0.505348 0.748489 0.505348 0.727857 0.502029 0.754766 0.499533 0.752967 0.484847 0.744451 0.463226 0.739973 0.442997 0.739973 0.416392 0.746250 0.390068 0.758352 0.369839 0.761937 0.348778 0.777637 0.330204
0 0.651497 0.756205 0.668984 0.753710 0.668530 0.740688 0.657321 0.717963 0.636250 0.707156 0.613819 0.704941 0.592294 0.710756 0.581992 0.718234 0.566745 0.737080 0.564052 0.758701 0.574808 0.770340 0.586470 0.781146 0.605755 0.785857 0.624135 0.786689 0.639382 0.783642 0.652390 0.778650 0.665398 0.767292 0.665398 0.757869
0 0.747898 0.678608 0.743874 0.640917 0.751937 0.618752 0.773915 0.603786 0.788269 0.599355 0.966731 0.600458 0.977500 0.607666 0.982431 0.625127 0.979739 0.640085 0.979739 0.646188 0.984670 0.666689 0.979286 0.684151 0.980632 0.691638 0.975701 0.708260 0.965385 0.724058 0.949245 0.730433 0.923242 0.733200 0.901717 0.734032 0.889162 0.730433 0.873462 0.738744 0.882431 0.727937 0.864492 0.738192 0.877047 0.725722 0.847005 0.726553 0.835797 0.722674 0.793640 0.717131 0.780192 0.717131 0.766745 0.708260 0.753736 0.692742 0.749245 0.685815
0 0.749245 0.679992 0.739835 0.694686 0.716964 0.708540 0.697679 0.709924 0.692747 0.707988 0.694547 0.711587 0.694093 0.719898 0.683777 0.709643 0.689162 0.720730 0.673915 0.711036 0.662706 0.716299 0.657321 0.716299 0.630412 0.706044 0.616071 0.705764 0.608887 0.706044 0.593201 0.703829 0.583777 0.700229 0.574368 0.692190 0.567637 0.679440 0.566745 0.633718 0.571676 0.627895 0.585124 0.613761 0.597239 0.605450 0.623695 0.599626 0.703516 0.599626 0.711126 0.603506 0.712926 0.607114 0.723242 0.608497 0.736690 0.619304 0.745220 0.637317
0 0.358668 0.640314 0.363159 0.626732 0.370783 0.612598 0.389615 0.604007 0.395893 0.603727 0.405755 0.598192 0.530865 0.599295 0.544313 0.603727 0.558668 0.614813 0.556868 0.715968 0.543874 0.724007 0.523242 0.730102 0.502170 0.737029 0.473022 0.739244 0.466291 0.737029 0.454190 0.746723 0.456882 0.734813 0.446566 0.746171 0.448805 0.731486 0.428173 0.733149 0.404863 0.732037 0.384231 0.726222 0.374808 0.715968 0.368530 0.700170
0 0.368984 0.700170 0.364052 0.712088 0.355975 0.717071 0.360907 0.730102 0.351497 0.722895 0.361360 0.735365 0.343874 0.723727 0.333104 0.727326 0.318310 0.728438 0.308901 0.724007 0.295000 0.728438 0.281538 0.725662 0.264052 0.715136 0.265398 0.634211 0.270783 0.623132 0.283338 0.611766 0.300824 0.607334 0.316964 0.607054 0.342981 0.616197 0.355536 0.625348 0.358228 0.639482
0 0.264505 0.633939 0.262706 0.620076 0.252843 0.601511 0.242527 0.596528 0.105755 0.596528 0.095893 0.601239 0.077953 0.611766 0.076607 0.720119 0.089162 0.735365 0.112940 0.744508 0.118764 0.743404 0.139835 0.752547 0.167637 0.754762 0.193654 0.754211 0.206209 0.749219 0.209794 0.744508 0.218310 0.744508 0.239396 0.737581 0.271223 0.747555 0.250604 0.733981 0.268984 0.740628 0.251044 0.728158 0.264945 0.715968