0 0.374712 0.426774 0.375192 0.431188 0.378159 0.434380 0.393915 0.433014 0.401044 0.435450 0.407445 0.439100 0.405728 0.494015 0.406703 0.497521 0.327445 0.497216 0.320797 0.495696 0.309959 0.488234 0.299382 0.477895 0.296662 0.470739 0.297898 0.457810 0.304547 0.448073 0.317102 0.440314 0.335563 0.434686 0.349354 0.433166 0.366580 0.433472
0 0.832088 0.180374 0.846429 0.179652 0.842555 0.173183 0.838681 0.159049 0.842940 0.141087 0.856511 0.123846 0.880536 0.107555 0.901071 0.100136 0.924327 0.096537 0.936731 0.097980 0.955343 0.097020 0.974712 0.102530 0.998352 0.116180 1.000000 0.185416 1.000000 0.214567 0.982074 0.225637 0.965412 0.229474 0.911154 0.233065 0.897596 0.232581 0.873173 0.227555 0.859602 0.219414 0.849533 0.204321 0.849918 0.186834
0 0.903407 0.233302 0.966964 0.228990 0.985563 0.235221 0.998352 0.245280 0.997198 0.327428 0.982857 0.339406 0.958434 0.346112 0.951854 0.343718 0.928984 0.347309 0.902239 0.344677 0.875879 0.335340 0.861154 0.320968 0.851854 0.303956 0.847596 0.283837 0.853791 0.263005 0.865810 0.250789 0.880920 0.241689
0 0.468626 0.150093 0.474835 0.130934 0.489560 0.116562 0.510495 0.105789 0.534135 0.100034 0.563970 0.098362 0.591099 0.099083 0.604670 0.103633 0.618613 0.106265 0.645755 0.117521 0.660481 0.133812 0.661250 0.148421 0.655824 0.162547 0.676758 0.162071 0.660865 0.166859 0.673654 0.166859 0.655055 0.173328 0.647692 0.185306 0.632569 0.195603 0.608544 0.202071 0.586058 0.203990 0.563201 0.207097 0.539560 0.207818 0.527157 0.203506 0.511264 0.197759 0.490728 0.186503 0.474451 0.172131 0.470962 0.163031
0 0.077060 0.112912 0.087816 0.105433 0.109341 0.099890 0.126841 0.100441 0.142981 0.107929 0.152390 0.124550 0.159574 0.143676 0.160014 0.162521 0.157321 0.188294 0.153736 0.211570 0.160467 0.220993 0.167060 0.221409 0.160865 0.222929 0.155934 0.230136 0.158132 0.244329 0.156168 0.254525 0.149258 0.264253 0.132308 0.272173 0.089931 0.273090 0.082088 0.269126 0.075893 0.262725
0 0.410769 0.118328 0.409629 0.229932 0.397953 0.233981 0.380865 0.235034 0.367761 0.231689 0.356648 0.222716 0.353516 0.210042 0.353228 0.204406 0.347541 0.201239 0.350948 0.198599 0.350948 0.189618 0.348681 0.180993 0.345824 0.166910 0.346964 0.155119 0.350096 0.138574 0.359780 0.124491 0.376868 0.115340 0.397953 0.112699
0 0.847761 0.560747 0.849080 0.549839 0.859231 0.535390 0.876882 0.523124 0.972610 0.523124 0.982761 0.530756 1.000000 0.548599 1.000000 0.651919 0.983201 0.678531 0.872019 0.679355 0.859670 0.671995 0.851291 0.661902 0.850398 0.650450
0 0.850398 0.650722 0.844231 0.662997 0.832761 0.673625 0.817321 0.679083 0.727308 0.679355 0.712747 0.674168 0.697747 0.662716 0.691140 0.647453 0.670398 0.647453 0.692019 0.643362 0.691140 0.633548 0.688929 0.609007 0.692898 0.569745 0.707459 0.546842 0.732610 0.529660 0.755110 0.522844 0.798791 0.524754 0.819959 0.531842 0.837610 0.543846 0.847321 0.559660
0 0.075055 0.548718 0.085343 0.536460 0.110508 0.527742 0.147115 0.523973 0.179918 0.528455 0.198599 0.540467 0.208887 0.553192 0.210412 0.564745 0.207747 0.650518 0.199739 0.664898 0.179533 0.675501 0.159698 0.678090 0.108228 0.676681 0.098695 0.674788 0.079245 0.664898 0.074286 0.658531
0 0.210412 0.564975 0.212321 0.555789 0.222624 0.544244 0.250069 0.530806 0.280577 0.527037 0.295453 0.529397 0.311085 0.536231 0.327486 0.552487 0.338544 0.570637 0.345014 0.589015 0.345014 0.612343 0.341964 0.632139 0.340440 0.642504 0.356841 0.647453 0.339684 0.649338 0.329382 0.659949 0.312225 0.671494 0.290495 0.676910 0.263036 0.678328 0.240536 0.675730 0.225288 0.670789 0.211566 0.661358 0.206978 0.650518
0 0.191470 0.814389 0.180920 0.804202 0.191799 0.794830 0.198723 0.779966 0.202679 0.760008 0.197074 0.743302 0.186854 0.734143 0.169066 0.726197 0.145989 0.722937 0.122266 0.731902 0.101827 0.745951 0.087651 0.760620 0.085014 0.775076 0.089299 0.791783 0.098860 0.802776 0.109409 0.812351 0.128846 0.817445 0.144341 0.816834 0.166429 0.812148 0.175316 0.810314
0 0.799162 0.749822 0.817473 0.741061 0.822184 0.729015 0.838723 0.713684 0.855852 0.706749 0.927321 0.708574 0.936415 0.712224 0.937074 0.823115 0.929093 0.828294 0.907473 0.837020 0.876181 0.839211 0.859396 0.835925 0.845701 0.831290 0.829808 0.816579 0.819245 0.794499 0.817940 0.777054 0.813929 0.769126 0.816168 0.747334
0 0.488805 0.783862 0.505563 0.795042 0.515714 0.816036 0.517486 0.827216 0.535124 0.826944 0.552335 0.820942 0.521016 0.837844 0.520563 0.850662 0.520124 0.874932 0.509986 0.900017 0.498503 0.913642 0.481305 0.923735 0.473365 0.927003 0.381154 0.927275 0.362624 0.918005 0.362184 0.794499 0.374533 0.784134 0.393942 0.777317 0.412033 0.777317 0.422184 0.773226 0.449533 0.772411 0.472033 0.777046