0 0.240912 0.169007 0.195950 0.128040 0.189850 0.060149 0.207613 0.008656 0.243125 0.000070 0.250487 0.000000 0.285587 0.000000 0.333037 0.018409 0.340812 0.044156 0.336925 0.080835 0.340812 0.119069 0.330825 0.141309 0.340250 0.151063 0.325825 0.151063 0.286975 0.171344
0 0.136975 0.939807 0.129100 0.926397 0.112937 0.920571 0.098013 0.929315 0.090550 0.938937 0.090963 0.963708 0.098425 0.981775 0.112525 0.988770 0.127450 0.984104 0.138225 0.973902 0.139887 0.957293
0 0.450138 0.667610 0.655925 0.666599 0.656875 0.947821 0.634813 0.957601 0.587812 0.969745 0.548000 0.971424 0.488513 0.946810 0.441512 0.920844 0.425200 0.876670 0.412250 0.873304 0.422800 0.865545 0.412725 0.810923 0.417038 0.736397 0.422800 0.704701
0 0.688063 0.665923 0.951875 0.666933 0.944200 0.689859 0.948037 0.719534 0.960037 0.732346 0.952363 0.753928 0.958588 0.783946 0.965788 0.792373 0.957150 0.796415 0.945638 0.814965 0.942138 0.836784 0.933512 0.843225 0.922763 0.867540 0.925737 0.872759 0.901363 0.880518 0.875413 0.898392 0.854500 0.893770 0.833975 0.899236 0.826538 0.903243 0.811000 0.892926 0.779537 0.889385 0.747400 0.894244 0.738762 0.882469 0.724225 0.872627 0.703162 0.866793 0.693137 0.867162 0.694013 0.841028 0.676837 0.820026 0.674287 0.811529 0.677463 0.796520 0.676837 0.785896 0.682688 0.760308 0.676550 0.749886 0.683838 0.728067 0.678612 0.710193 0.688200 0.686054
0 0.667212 0.900000 0.697562 0.888902 0.706237 0.889991 0.726363 0.899112 0.744950 0.913497 0.747425 0.930483 0.746188 0.952900 0.737513 0.967469 0.717387 0.978374 0.692613 0.982707 0.665362 0.972496
0 0.184025 0.757935 0.181238 0.749007 0.160800 0.737469 0.154300 0.719613 0.153375 0.708515 0.161112 0.691538 0.177525 0.682390 0.190225 0.681301 0.205400 0.688489 0.213450 0.702856 0.213750 0.720703 0.205700 0.737900 0.194250 0.748568 0.188362 0.749657
0 0.125375 0.805536 0.135900 0.793497 0.147037 0.773647 0.141100 0.759025 0.145550 0.742830 0.138125 0.725070 0.142587 0.706265 0.138125 0.686942 0.115837 0.668137 0.094288 0.674411 0.089237 0.678691 0.088938 0.809534 0.101938 0.813032 0.111225 0.810835 0.112200 0.814543 0.119250 0.814323 0.124875 0.811951
0 0.238100 0.548524 0.238513 0.533656 0.256337 0.515879 0.270012 0.492566 0.277062 0.469543 0.279963 0.431072 0.281625 0.384736 0.273338 0.333146 0.088025 0.331397 0.086775 0.527250 0.101288 0.538612 0.139012 0.557557 0.177987 0.556098 0.204513 0.548524 0.218612 0.544736
0 0.540850 0.603541 0.552362 0.593761 0.555712 0.547223 0.565787 0.524974 0.595525 0.506424 0.625275 0.503392 0.653088 0.511485 0.666525 0.527671 0.664600 0.602865 0.655488 0.621415 0.627188 0.634227 0.597450 0.635571 0.575388 0.629499 0.556675 0.611968 0.558113 0.604209
0 0.861750 0.484165 0.865588 0.492601 0.922662 0.489903 0.952400 0.510808 0.969200 0.547566 0.965362 0.554982 0.961038 0.627478 0.952400 0.639956 0.815225 0.639956 0.803225 0.616353 0.802262 0.582293 0.807063 0.545536 0.813775 0.518225 0.832013 0.499341 0.854550 0.494288
0 0.770938 0.124525 0.778700 0.117504 0.786475 0.091362 0.805337 0.064446 0.822550 0.054297 0.852513 0.045721 0.879713 0.045325 0.905800 0.055475 0.919112 0.074200 0.929663 0.113216 0.930212 0.147162 0.918000 0.210360 0.898025 0.240404 0.862500 0.259912 0.838087 0.261476 0.814225 0.251722 0.784800 0.231037 0.778700 0.218163
0 0.506750 0.026986 0.522288 0.014112 0.553925 0.006309 0.582238 0.003972 0.622188 0.015281 0.642175 0.036353 0.646062 0.055861 0.649938 0.078489 0.649938 0.110870 0.622188 0.183831 0.606650 0.195149 0.580013 0.202953 0.573913 0.202170 0.561138 0.213093 0.560037 0.203339 0.526737 0.199438 0.507862 0.192417
0 0.349687 0.144429 0.338587 0.107364 0.335812 0.067179 0.344137 0.041037 0.352463 0.018014 0.383550 0.000852 0.410125 0.000000 0.433375 0.000000 0.462913 0.021134 0.475112 0.044156 0.480662 0.090975 0.473450 0.135457 0.480662 0.149112 0.470125 0.148330 0.454025 0.163155 0.430725 0.172513 0.396863 0.172513 0.376325 0.167838 0.359125 0.159640
0 0.190963 0.158471 0.204275 0.155738 0.194288 0.149112 0.199288 0.134279 0.195950 0.125703 0.187625 0.061327 0.195950 0.042206 0.192625 0.035185 0.183750 0.014112 0.160987 0.001626 0.138238 0.000852 0.111037 0.009429 0.097725 0.032838 0.094388 0.055475 0.091062 0.081608 0.087737 0.108533 0.101050 0.143260 0.117700 0.167838 0.143238 0.173691 0.175975 0.168612
0 0.191513 0.220896 0.189300 0.216213 0.175425 0.193972 0.167100 0.187733 0.147113 0.190070 0.141013 0.200606 0.129913 0.225185 0.129913 0.245870 0.143238 0.283708 0.155438 0.295026 0.182075 0.291125 0.188188 0.280589 0.193738 0.256793