0 0.479466 0.086364 0.466149 0.085014 0.467571 0.068493 0.461391 0.043879 0.448538 0.031064 0.427127 0.022636 0.404758 0.025664 0.390000 0.040164 0.379536 0.065457 0.380958 0.090071 0.398095 0.111314 0.420464 0.120757 0.441401 0.117050 0.452349 0.108286 0.464718 0.091086
0 0.588306 0.858764 0.606865 0.870900 0.622097 0.896193 0.623518 0.921486 0.607339 0.956214 0.598296 0.964307 0.579365 0.967143 0.564990 0.966564 0.548286 0.950586 0.537913 0.934029 0.536341 0.915950 0.543236 0.881521 0.561563 0.864764
0 0.842802 0.842829 0.853468 0.845850 0.864486 0.857436 0.869466 0.854664 0.864486 0.862221 0.867339 0.881871 0.861290 0.903029 0.858095 0.908064 0.848851 0.912093 0.834990 0.909321 0.824677 0.871286 0.831784 0.852143
0 0.695282 0.808314 0.727278 0.826707 0.725141 0.853150 0.708075 0.863229 0.691724 0.852650 0.676794 0.840307
0 0.735806 0.747364 0.761754 0.765750 0.758911 0.791443 0.765665 0.793957 0.759627 0.794464 0.746119 0.828971 0.725847 0.835771 0.725847 0.826200 0.705585 0.810336 0.694929 0.799000 0.703105 0.768014
0 0.851946 0.615729 0.866875 0.607164 0.887137 0.606157 0.906331 0.615471 0.916996 0.633607 0.914859 0.655021 0.904194 0.668621 0.891401 0.675421 0.873266 0.678193 0.855141 0.669379 0.844476 0.657286 0.841280 0.640664 0.842702 0.629329
0 0.678468 0.648221 0.683800 0.634364 0.699435 0.626307 0.713659 0.627814 0.715796 0.625300 0.721835 0.627064 0.734637 0.626807 0.746361 0.632100 0.753831 0.626807 0.755252 0.619250 0.766986 0.610186 0.775514 0.609429 0.789375 0.610686 0.807147 0.626557 0.806794 0.635371 0.813901 0.649229 0.809637 0.668371 0.805373 0.682729 0.796845 0.694564 0.785111 0.700107 0.772308 0.699857 0.759516 0.726807 0.677399 0.727057
0 0.647540 0.680464 0.648609 0.626307 0.634738 0.615471 0.616966 0.608171 0.600262 0.608929 0.589244 0.613457 0.576089 0.633607 0.570040 0.645700 0.575020 0.676936 0.581774 0.680714 0.598841 0.695321 0.615544 0.699607 0.630474 0.696579 0.638649 0.690536
0 0.197823 0.475807 0.188216 0.468750 0.184304 0.460443 0.175071 0.441800 0.156935 0.430214 0.135968 0.427193 0.105040 0.452629 0.100413 0.497464 0.115706 0.522657 0.133478 0.533486 0.158710 0.529957 0.174355 0.519636 0.188004 0.497571 0.188931 0.474043
0 0.381956 0.493686 0.396179 0.486386 0.390847 0.469757 0.390847 0.449357 0.395111 0.433743 0.408619 0.414600 0.423196 0.408550 0.438125 0.410064 0.454123 0.422407 0.464073 0.443314 0.465847 0.469757 0.459456 0.490914 0.446300 0.505529 0.433145 0.511071 0.421421 0.511571 0.405423 0.502250 0.397954 0.490664
0 0.685625 0.466450 0.661966 0.427579 0.624073 0.413000 0.603337 0.412514 0.575222 0.420900 0.563558 0.430007 0.551694 0.448450 0.548508 0.462929 0.554083 0.482314 0.576381 0.519943 0.592329 0.530850 0.615423 0.534050 0.642782 0.527843 0.670655 0.515429 0.679415 0.508093 0.682883 0.500000
0 0.663357 0.428493 0.663831 0.416014 0.669546 0.403200 0.683347 0.391736 0.699042 0.383643 0.720464 0.389714 0.729980 0.399493 0.744728 0.446700 0.752823 0.449400 0.742349 0.449057 0.735212 0.455807 0.720464 0.469293 0.701905 0.472329 0.685726 0.466257
0 0.080071 0.227807 0.067782 0.207121 0.016784 0.207557 0.010020 0.213657 0.007258 0.220621 0.006946 0.281579 0.017087 0.295071 0.034909 0.304000 0.049345 0.304214 0.063790 0.297471 0.076996 0.281357 0.080998 0.272214 0.090212 0.273521 0.081613 0.267643 0.084375 0.251971 0.083145 0.238257
0 0.222319 0.239343 0.229385 0.234771 0.228770 0.223450 0.234617 0.210171 0.236764 0.207557 0.278236 0.207343 0.277319 0.254579 0.272712 0.258500 0.259496 0.263071 0.245978 0.261764 0.236452 0.254800 0.229083 0.238257
0 0.206442 0.164693 0.193226 0.103300 0.183085 0.096993 0.161885 0.091329 0.142530 0.093286 0.125635 0.101343 0.108740 0.119414 0.104435 0.136179 0.104748 0.156421 0.114879 0.172964 0.126250 0.183200 0.137923 0.188857 0.178478 0.188421 0.191028 0.182143 0.202450 0.171879
0 0.193790 0.102957 0.197127 0.092164 0.206643 0.082721 0.197127 0.073957 0.210444 0.079350 0.229960 0.069236 0.244234 0.068900 0.265171 0.076650 0.278024 0.084071 0.278024 0.163314 0.266603 0.170393 0.245192 0.177479 0.229486 0.177479 0.213780 0.172421 0.208165 0.164929
0 0.605101 0.061414 0.619859 0.053657 0.622238 0.040507 0.631754 0.021957 0.648407 0.012857 0.665071 0.010493 0.686482 0.019257 0.699335 0.038821 0.698377 0.062757 0.691240 0.081307 0.672208 0.093443 0.657933 0.096143 0.642228 0.091086 0.627470 0.079621 0.620806 0.058379
0 0.774052 0.140993 0.780232 0.124807 0.771663 0.102214 0.775000 0.063100 0.790232 0.039829 0.814496 0.022636 0.833054 0.018586 0.860181 0.023643 0.879698 0.040843 0.895403 0.068157 0.897298 0.096814 0.887782 0.133907 0.868750 0.152793 0.850192 0.162236 0.827823 0.165271 0.803548 0.156164 0.781663 0.132221