0 0.217752 0.118200 0.189738 0.115586 0.156573 0.126036 0.127823 0.162593 0.126341 0.209079 0.149194 0.255043 0.200101 0.269643 0.235484 0.257143 0.253871 0.232586 0.264929 0.229450 0.256079 0.224229 0.263448 0.197593 0.260504 0.163121
0 0.851381 0.055364 0.856542 0.029771 0.873498 0.010971 0.894143 0.001571 0.918468 0.020371 0.922147 0.045964 0.925837 0.061114 0.915514 0.094014 0.905192 0.112300 0.872026 0.106029
0 0.872026 0.106550 0.852127 0.056407 0.821159 0.040743 0.796099 0.054843 0.774728 0.087750 0.775464 0.117521 0.778407 0.147293 0.787258 0.163486 0.775464 0.169229 0.790202 0.166614 0.800524 0.173929 0.825585 0.185421 0.834435 0.183329 0.858760 0.161393 0.868337 0.139979
0 0.218488 0.121857 0.229546 0.085293 0.254607 0.071193 0.282621 0.075893 0.301784 0.108800 0.297359 0.146407 0.272298 0.162071 0.258296 0.163121
0 0.456361 0.420479 0.475121 0.381800 0.502409 0.366086 0.539083 0.370921 0.561260 0.393886 0.572349 0.444050 0.562964 0.489371 0.536532 0.515964 0.506673 0.522607 0.479385 0.511129 0.453800 0.458550
0 0.185998 0.482121 0.216694 0.496021 0.238871 0.537714 0.246552 0.592714 0.230343 0.631386 0.208165 0.656164 0.168085 0.661000 0.131411 0.625343 0.118619 0.581836 0.121179 0.546779 0.137379 0.506900 0.161260 0.485143
0 0.862329 0.362464 0.883649 0.371529 0.898155 0.398114 0.893034 0.431357 0.875978 0.448879 0.852944 0.448879 0.837601 0.424707 0.832480 0.396907 0.842712 0.375150
0 0.777742 0.590550 0.795020 0.619693 0.794194 0.653207 0.774456 0.680893 0.749778 0.688764 0.727157 0.684393 0.708649 0.673029 0.694657 0.644171 0.697540 0.615321 0.706593 0.597836 0.727157 0.582100 0.754708 0.579186
0 0.776925 0.590550 0.783095 0.568986 0.802419 0.545086 0.819698 0.535464 0.824637 0.524979 0.823810 0.533136 0.849315 0.529636 0.868236 0.533136 0.892913 0.547707 0.911421 0.575100 0.917177 0.603957 0.913478 0.629307 0.899899 0.652629 0.871935 0.672736 0.841905 0.676521 0.827097 0.674193 0.803246 0.661371 0.793790 0.652914 0.797903 0.634557 0.792137 0.609786
0 0.826704 0.748621 0.835948 0.736786 0.838790 0.725450 0.844829 0.721164 0.854788 0.704543 0.903841 0.713607 0.904909 0.729479 0.918770 0.743586 0.902419 0.751393 0.896734 0.761721 0.860827 0.766000 0.841986 0.749879 0.836653 0.747864
0 0.716855 0.739300 0.733921 0.740057 0.720060 0.744593 0.729657 0.758443 0.733206 0.759450 0.736764 0.776079 0.730010 0.790936 0.717923 0.809579 0.705837 0.814614 0.692329 0.816379 0.685575 0.815621 0.681310 0.818643 0.666028 0.794464 0.662823 0.794971 0.657490 0.779857 0.664244 0.755171 0.681663 0.733757 0.698014 0.731493
0 0.704415 0.814864 0.727520 0.820407 0.729657 0.835014 0.737833 0.848114 0.726099 0.856679 0.723256 0.864486 0.705484 0.867764 0.691976 0.868771 0.694819 0.863229 0.685927 0.852900 0.676694 0.849629 0.684153 0.839300 0.683800 0.830486 0.687712 0.827207 0.691976 0.817136
0 0.677177 0.869371 0.691573 0.869950 0.734355 0.867329 0.750806 0.904343 0.764375 0.905507 0.753276 0.907836 0.773014 0.940771 0.757792 0.968750 0.755333 0.991193 0.748337 0.992357 0.740242 1.000000 0.656925 1.000000 0.650575 0.950736 0.649214 0.894314 0.667107 0.885050
0 0.209173 0.809607 0.222389 0.825993 0.235050 0.830286 0.253780 0.818193 0.287913 0.785029 0.289012 0.903636 0.291764 0.914557 0.331411 0.923921 0.327560 0.927436 0.294526 0.922750 0.312692 0.984393 0.275796 0.975814 0.259829 0.980493 0.240565 0.999221 0.209254 1.000000 0.209173 1.000000 0.202016 0.982836 0.176694 0.952014 0.138145 0.930164 0.168982 0.893879 0.187702 0.863057 0.187702 0.845107 0.197611 0.849014
0 0.330867 0.925093 0.331411 0.911050 0.336915 0.908314 0.345726 0.889979 0.382621 0.899343 0.393085 0.916900 0.402440 0.930943 0.387581 0.939136 0.383720 0.949671 0.351784 0.954357 0.335272 0.936014 0.320948 0.932507
0 0.383175 0.898171 0.384274 0.863450 0.363347 0.862664 0.386472 0.860329 0.393629 0.841986 0.405746 0.837307 0.411804 0.832236 0.434375 0.855643 0.439889 0.874764 0.434375 0.905971 0.423367 0.921579 0.414002 0.924700 0.412903 0.929771 0.395837 0.923143