0 0.445111 0.846014 0.460343 0.826793 0.482228 0.817357 0.509355 0.819379 0.531250 0.836236 0.546472 0.867936 0.545524 0.903679 0.536482 0.927621 0.519355 0.943807 0.494123 0.950886 0.467954 0.948186 0.443679 0.922900 0.434163 0.888507 0.436542 0.866586
0 0.752016 0.158886 0.757177 0.122329 0.772661 0.093079 0.794032 0.078971 0.824254 0.075321 0.859637 0.094121 0.876593 0.119714 0.881018 0.170900 0.862591 0.207464 0.845635 0.223129 0.810252 0.229921 0.763075 0.196493
0 0.494758 0.150007 0.479284 0.134864 0.494758 0.141650 0.513196 0.115536 0.522772 0.103521 0.559627 0.094643 0.597228 0.120236 0.615655 0.175079 0.606069 0.215821 0.576583 0.251336 0.540464 0.258129 0.504345 0.229921 0.488861 0.186571
0 0.247087 0.218950 0.264778 0.242457 0.279516 0.245071 0.294264 0.237757 0.306058 0.209029 0.297208 0.177693 0.277308 0.167243 0.251512 0.180821 0.241190 0.176643 0.251512 0.187614 0.243397 0.203286
0 0.248558 0.220521 0.236492 0.211643 0.216865 0.220521 0.199173 0.254471 0.200645 0.288943 0.210968 0.318193 0.227923 0.331771 0.250605 0.325071 0.263609 0.306286 0.269940 0.272229 0.265514 0.243500
0 0.194224 0.400357 0.209859 0.403271 0.221784 0.392193 0.243992 0.381121 0.253458 0.379079 0.280192 0.387536 0.292117 0.402686 0.307752 0.430957 0.311038 0.452814 0.310212 0.469136 0.302399 0.484000 0.288004 0.506443 0.274435 0.517221 0.252631 0.523343 0.233710 0.513729 0.211915 0.500900 0.199990 0.479043 0.196280 0.464471 0.197107 0.446693 0.203690 0.415507 0.208619 0.407057
0 0.387127 0.422507 0.403579 0.407057 0.427026 0.398900 0.450474 0.400064 0.469798 0.407936 0.492016 0.429793 0.505998 0.463307 0.507228 0.497693 0.502702 0.522471 0.490363 0.546079 0.478438 0.559193 0.487490 0.576386 0.475151 0.563271 0.459103 0.570557 0.435665 0.575221 0.418387 0.573179 0.387954 0.551321 0.376431 0.535586 0.367802 0.501486 0.367389 0.468843 0.371915 0.450193
0 0.709183 0.474093 0.721935 0.454271 0.741673 0.425714 0.757298 0.404436 0.785685 0.400064 0.805423 0.405600 0.834214 0.425714 0.873286 0.480793 0.860131 0.557736 0.843679 0.569100 0.848609 0.583086 0.839567 0.571721 0.821472 0.576964 0.790615 0.579593 0.757712 0.575221 0.741260 0.565307 0.727692 0.552486
0 0.833810 0.425714 0.835454 0.409971 0.853962 0.381993 0.867530 0.376750 0.888508 0.386079 0.902087 0.404729 0.907429 0.426586 0.904546 0.466807 0.883165 0.477879 0.872470 0.480207
0 0.767288 0.724286 0.775383 0.696636 0.792036 0.672357 0.822974 0.659207 0.856754 0.661229 0.881502 0.680450 0.899113 0.714843 0.895776 0.759357 0.873417 0.788014 0.843911 0.801843 0.822016 0.801843 0.787752 0.784986 0.771573 0.756657
0 0.523629 0.801164 0.494607 0.788014 0.477944 0.757671 0.467006 0.726307 0.470333 0.698993 0.495554 0.661900 0.532671 0.648079 0.553619 0.648414 0.575030 0.658871 0.585978 0.671679 0.610726 0.715179 0.608347 0.733729 0.595494 0.772843 0.584073 0.785993
0 0.066774 0.824771 0.069153 0.807579 0.085817 0.772171 0.093901 0.754971 0.131976 0.736429 0.146250 0.734736 0.172429 0.746879 0.187177 0.768457 0.210968 0.828143 0.207641 0.862200 0.191462 0.919864 0.182419 0.927957 0.122933 0.950214 0.096280 0.932000 0.065353 0.844664